384.74 -397.27
242.55 -271.38
350.66 -122.46
145.13 41.00
211.72 -219.71
394.66 -177.23
263.14 -253.52
32.39 116.79
36.80 -201.34
298.27 -30.37
200.38 -267.57
208.75 3.00
392.16 -163.41
256.31 -307.25
237.93 -92.41
319.33 -47.71
15.94 49.12
117.41 -160.90
264.24 -72.68
72.41 -217.54
50.52 -212.92
135.92 -240.69
176.42 -227.01
308.04 -273.86
240.52 -87.00
184.19 -293.04
354.72 -92.06
103.18 12.49
157.95 -32.99
0.71 67.27
105.29 -30.55
363.49 -379.09
377.58 -61.21
288.02 -285.96
249.48 -246.39
125.89 -244.23
108.59 23.22
191.60 -233.17
15.81 15.54
357.42 -151.89
259.66 -246.38
196.12 -266.91
254.31 -85.84
184.59 -289.11
272.45 -38.56
368.22 -308.91
345.54 -350.35
223.84 -281.10
104.53 -143.61
154.70 17.25
215.68 10.31
207.44 -267.92
275.53 -85.11
12.88 41.30
396.24 -296.50
210.81 -286.16
111.55 63.67
204.80 -59.88
81.20 -169.48
85.56 48.52
30.62 -144.16
129.63 -267.00
36.55 -221.41
189.36 -285.10
307.85 -105.38
198.58 -257.34
6.50 122.05
177.24 -290.53
242.30 -244.99
274.35 -13.63
137.68 -265.41
280.48 -15.85
17.92 -102.37
102.11 -180.89
106.99 53.60
347.96 -358.42
9.49 68.64
351.67 -128.37
90.84 -218.12
361.13 -108.82
29.99 62.98
270.49 -120.34
52.91 -232.80
157.67 20.29
49.00 110.03
314.82 -63.97
54.49 -126.10
110.28 -145.36
232.66 -302.38
281.36 -21.59
6.02 -154.24
105.74 43.50
163.58 -25.43
204.26 -52.02
80.16 12.47
155.77 -185.94
395.20 -327.99
212.62 -296.24
96.58 -181.02
345.03 -42.35
77.87 -12.63
260.96 -57.60
365.10 -320.49
183.07 -200.45
264.99 -238.39
350.37 -360.90
138.81 59.77
175.56 -56.27
65.60 -218.64
150.52 -14.64
180.24 24.97
366.79 -326.49
55.41 71.60
212.99 -41.08
183.48 -241.77
129.06 -0.98
291.69 -262.00
33.69 17.27
321.94 -267.27
185.92 -182.58
97.90 -15.38
277.32 -38.02
205.90 -269.17
155.18 33.20
292.45 -46.17
319.62 -89.00
35.92 -193.21
383.72 -316.70
131.26 -272.40
292.78 -129.48
127.86 -189.89
320.26 -123.69
117.47 -231.79
237.46 12.34
261.78 -75.28
333.18 -81.83
1.92 -92.43
169.51 -31.93
271.92 -50.21
129.74 -237.76
356.59 -95.57
262.44 -223.87
346.63 -385.69
369.04 -273.63
48.52 -115.76
326.39 -81.24
46.49 94.88
285.03 -50.66
375.40 -106.33
332.30 -357.67
276.24 -62.86
347.27 -146.76
344.16 -381.91
84.81 56.09
360.07 -166.72
385.79 -324.60
182.66 -250.26
290.00 -46.96
172.09 28.62
192.93 37.45
69.86 102.09
394.36 -73.06
163.25 -32.85
188.65 -185.21
253.19 1.95
288.69 -105.35
102.79 60.84
297.40 -323.50
392.69 -347.63
76.01 -187.44
16.77 -139.90
133.16 -169.27
129.47 69.32
194.78 -254.66
158.40 54.75
125.86 -259.90
321.84 -338.16
69.14 -4.53
84.04 -241.31
146.03 -235.55
325.68 -133.18
325.23 -130.64
35.89 2.20
296.00 -354.94
316.29 -289.93
267.96 -120.91
46.77 0.03
234.60 -277.92
157.25 -166.88
354.77 -114.02
284.40 -255.43
288.92 -20.44
117.30 -41.74
33.59 -118.59
141.93 -207.68
80.30 13.53
219.75 -58.59
129.17 68.30
258.56 -104.65
53.04 -175.48
179.39 10.39
367.51 -162.17
218.51 -17.58
143.33 19.42
340.22 -259.20
220.41 -30.10
328.39 -313.64
262.09 -246.35
172.98 -291.14
232.38 -298.46
212.72 -241.36
89.20 -28.00
324.59 -359.43
159.68 -224.27
394.22 -389.96
88.08 29.42
132.42 -27.71
6.28 -190.97
339.75 -260.99
48.29 49.29
124.54 -171.86
384.25 -141.18
55.07 -231.55
250.15 -37.28
322.55 -282.03
356.10 -378.89
200.78 -72.13
319.27 -113.03
147.24 -5.57
33.98 58.60
278.84 -19.98
0.23 134.00
397.47 -151.42
116.22 -183.34
103.58 60.43
27.28 43.86
131.46 -205.23
33.56 -173.38
122.91 -235.07
6.56 -118.89
124.85 -204.97
58.27 -231.19
395.12 -331.40
147.91 -231.25
313.44 -72.95
196.30 -223.17
153.40 -243.25
395.83 -319.71
49.17 0.81
338.01 -149.47
304.71 -74.41
7.86 17.75
305.91 -354.99
385.57 -109.24
311.73 -314.57
115.07 28.71
167.51 -258.44
305.16 -57.96
295.93 -305.25
73.18 -167.44
13.84 -211.04
269.59 -328.95
76.69 -158.55
274.03 -106.87
391.01 -60.99
262.26 -66.56
26.08 78.41
336.12 -292.98
210.25 8.60
305.72 -136.71
70.68 57.01
229.16 -299.47
265.87 -76.10
58.34 -162.62
111.27 -38.49
111.44 0.30
95.49 14.11
290.09 -262.71
358.39 -380.10
70.08 -16.86
326.87 -103.65
303.50 -326.47
395.81 -75.75
353.20 -61.63
63.51 43.07
308.54 -294.05
386.45 -334.95
69.31 -204.23
357.21 -339.90
90.14 -242.04
324.21 -338.88
102.84 -217.51
398.60 -344.26
224.72 -88.71
12.47 84.29
156.53 -45.99
327.91 -292.87
7.03 58.11
314.37 -249.93
379.68 -134.29
325.79 -135.17
341.48 -313.22
371.86 -140.97
178.01 -238.54
290.26 -101.96
131.87 31.47
330.17 -335.90
124.55 -47.75
338.71 -78.64
371.23 -74.49
230.94 -203.82
202.22 -25.89
394.78 -349.96
388.54 -406.68
352.17 -121.57
107.73 5.94
28.03 -185.08
351.48 -48.09
374.71 -166.69
232.72 -270.57
310.08 -124.70
354.83 -115.92
344.64 -286.12
11.87 -131.66
134.10 -38.01
41.23 -227.90
277.83 -105.34
389.01 -379.18
215.12 -9.17
106.57 78.89
217.44 -197.30
1.11 -168.22
47.14 18.22
234.39 -16.89
207.00 -40.75
316.50 -27.70
38.23 -160.08
184.22 -73.02
381.22 -393.99
187.10 -276.86
78.51 -201.98
325.97 -330.08
3.57 -158.54
286.40 -84.58
116.38 -244.49
67.75 -146.97
394.34 -367.68
302.99 -71.97
326.37 -366.00
167.14 -172.86
294.39 -14.20
146.53 -254.29
148.19 -215.00
245.77 -10.73
99.91 -19.28
396.27 -341.68
59.25 -7.72
344.96 -69.84
379.66 -287.69
383.96 -282.26
213.94 -39.50
264.90 -325.21
151.49 35.04
251.50 -92.00
41.01 103.26
322.81 -354.57
346.05 -134.19
60.44 -135.08
136.22 -221.66
45.23 -159.29
125.77 -198.19
153.65 -263.17
320.49 -365.70
377.43 -293.44
253.59 -98.55
81.53 -215.84
354.56 -152.88
247.90 -262.96
120.76 -269.07
103.24 13.96
109.43 -147.02
168.47 27.74
144.75 -231.34
360.41 -75.27
387.43 -109.05
380.66 -295.34
237.87 -236.40
294.07 -130.60
72.01 10.55
76.56 -157.62
324.14 -351.25
337.26 -141.71
255.16 -47.76
227.40 -237.82
46.36 -155.24
164.46 -242.08
249.43 -318.16
345.79 -375.53
257.32 -307.79
15.16 40.44
337.17 -118.99
287.55 -52.64
228.55 -233.94
233.08 -318.52
143.13 -56.35
366.54 -166.97
137.01 -34.16
373.48 -328.33
36.87 -120.11
211.32 -5.13
304.29 -337.51
230.12 19.96
379.84 -384.45
134.56 -162.65
65.39 43.07
119.64 -19.20
127.80 -179.37
316.70 -354.63
33.02 -132.15
334.90 -128.96
282.09 -311.07
22.42 -149.01
300.66 -314.20
240.29 -25.56
154.39 -35.36
174.16 -277.84
192.04 -67.25
30.76 -136.56
167.53 -206.97
298.92 -258.09
116.47 51.49
312.65 -48.21
360.70 -351.18
345.00 -295.00
129.20 4.25
388.20 -344.24
100.57 46.46
332.83 -305.56
122.59 -23.96
237.13 -82.70
120.73 -231.42
259.20 -283.58
388.66 -133.87
87.19 -212.82
119.66 -8.83
316.48 -258.31
195.29 -190.62
352.16 -61.51
143.62 -36.65
118.93 -42.83
7.98 69.09
389.65 -78.51
263.73 -60.62
45.45 -182.07
65.83 -161.21
191.99 -190.11
227.20 -91.10
13.35 35.11
185.12 32.38
372.93 -365.51
21.26 -155.58
190.18 -236.19
115.52 -42.40
248.59 -63.43
33.38 -112.65
330.94 -118.25
113.70 55.90
235.35 -278.40
125.33 -28.48
395.34 -406.58
25.80 -120.74
398.53 -327.28
58.72 27.25
55.01 -158.07
84.97 -177.14
184.58 -226.21
118.14 -233.87
243.08 -298.90
231.75 3.35
355.72 -54.48
73.77 -172.51
28.61 -191.05
254.98 -332.75
120.02 -175.59
8.40 -194.32
16.01 79.51
27.47 -158.32
11.01 31.43
4.45 32.30
374.56 -69.21
375.32 -170.13
219.87 -81.03
45.10 -185.81
295.81 -335.80
271.81 -270.18
19.56 -205.87
328.95 -28.60
156.64 -170.18
285.89 -54.91
244.02 -245.37
331.02 -308.81
333.44 -310.64
342.81 -137.66
296.96 -267.06
363.75 -319.68
267.82 -280.53
268.17 -286.91
263.61 -312.21
99.45 -7.88
26.95 66.71
289.38 -354.84
184.96 -265.72
111.93 -153.07
231.60 -294.84
57.37 9.01
28.18 24.71
177.56 -5.89
42.72 -212.01
28.59 -156.92
147.79 -12.69
247.43 -26.96
102.18 -141.62
211.96 -313.94
281.43 -110.95
259.85 -105.14
316.16 -74.19
336.97 -84.22
160.06 -240.36
108.57 55.81
349.60 -357.82
38.98 -153.26
236.45 -261.49
315.12 -77.62
67.71 27.12
84.46 -177.46
47.07 109.16
74.33 -227.17
315.66 -277.92
373.55 -73.15
321.35 -82.62
350.43 -61.76
170.18 -240.54
259.11 -227.05
338.54 -68.52
396.78 -155.60
326.66 -77.52
11.04 -210.19
206.35 -237.61
55.38 -161.41
3.33 -147.35
231.36 -77.42
296.72 -69.19
263.18 -284.34
248.73 -329.17
290.41 -335.06
223.09 -201.36
350.30 -56.23
231.57 -59.40
205.96 -83.03
279.68 -295.56
161.05 23.90
171.95 -67.51
26.96 104.70
387.24 -115.17
161.68 -210.64
240.80 -98.22
310.26 -118.92
100.97 70.08
319.81 -341.10
208.92 -247.70
293.20 -36.18
135.29 -195.72
248.29 -109.07
270.30 -17.63
67.14 -233.20
346.26 -123.24
102.29 -1.52
93.86 -215.36
245.98 -43.83
386.42 -355.41
1.47 21.81
375.59 -149.54
101.13 82.29
108.18 26.60
119.66 10.86
168.27 -2.08
98.61 -192.42
40.49 -228.52
43.02 113.20
58.20 -180.86
25.98 -109.31
300.19 -54.91
143.05 -206.46
238.81 -24.81
236.16 -71.27
322.98 -53.31
344.05 -92.69
98.28 -237.41
162.36 -248.08
210.37 -294.40
385.58 -292.83
93.63 -233.48
372.54 -289.69
87.91 39.53
88.36 27.19
226.09 -10.08
33.95 -105.13
256.12 -47.68
227.92 -98.62
362.93 -344.42
347.72 -39.76
89.56 -234.33
3.63 -125.99
368.12 -165.05
290.37 -264.14
0.71 17.79
161.01 -205.01
109.70 -255.94
263.57 -47.68
334.09 -68.53
384.06 -93.02
103.91 -245.26
5.52 -91.32
192.64 -57.47
19.38 8.45
36.59 -183.35
156.68 -280.15
321.83 -78.30
127.66 54.21
269.51 -262.71
199.57 -77.11
88.66 -184.70
278.36 -279.25
294.91 -356.93
306.76 -301.46
91.30 54.71
211.84 -228.40
343.46 -378.35
133.26 44.22
221.49 -53.62
88.85 -226.25
381.61 -297.70
178.82 -299.16
75.83 -132.50
330.57 -278.92
151.24 -216.79
222.69 -228.65
73.08 10.93
222.81 -242.65
310.16 -68.35
97.79 -171.15
283.77 -259.33
316.69 -87.46
124.13 -207.47
323.30 -254.76
214.47 -20.61
3.17 -173.99
341.42 -90.00
253.91 -314.49
213.13 -77.79
72.70 35.53
48.50 -182.92
231.30 -86.41
173.02 -251.27
191.37 -80.44
260.27 -29.29
137.33 -223.39
211.76 -10.55
233.52 4.82
341.30 -121.88
151.04 20.34
188.18 26.96
306.24 -342.75
83.99 90.24
0.35 -137.67
293.77 -46.85
284.65 -320.09
387.83 -114.53
176.79 -208.50
316.43 -107.68
147.27 -28.93
188.38 -248.58
45.82 74.88
123.41 -162.82
159.14 -221.84
177.67 -297.75
337.27 -378.57
46.63 28.84
196.14 -298.77
137.50 -179.52
340.00 -352.34
377.04 -326.21
236.87 -0.41
374.74 -93.84
51.55 -214.67
86.56 -185.81
69.61 -166.49
3.00 26.17
148.47 -19.78
194.43 -12.87
369.51 -273.37
57.34 -152.39
344.49 -334.36
81.57 -24.70
297.42 -262.57
58.93 -219.23
293.41 -341.44
330.05 -151.41
254.62 -19.24
264.23 -2.36
270.49 -300.72
126.33 0.52
398.46 -404.54
38.03 116.95
230.68 -316.06
115.55 23.83
382.34 -286.08
382.65 -389.11
293.63 -90.75
30.70 27.64
328.82 -109.92
35.41 -137.93
45.33 74.06
44.13 10.82
78.15 41.74
114.10 -37.56
272.92 -344.70
0.38 -100.16
75.08 -203.19
45.49 -161.33
63.65 -228.12
287.88 -41.32
64.99 -12.11
254.01 -72.46
201.01 -286.47
93.69 -194.29
266.20 -51.96
18.35 20.42
80.55 50.84
359.04 -379.07
268.34 -333.96
21.07 55.67
344.68 -340.52
314.97 -44.85
377.61 -385.05
21.10 101.34
300.40 -271.37
25.97 22.12
87.65 -30.35
372.30 -308.09
335.72 -353.29
105.97 -149.93
0.82 -104.35
190.50 -16.75
190.02 -82.41
94.98 22.52
57.49 55.28
39.68 11.98
60.60 -237.29
95.74 -0.38
352.00 -348.84
262.65 -305.50
342.06 -371.61
168.75 21.59
321.92 -79.16
324.31 -33.08
97.19 -222.77
270.37 -38.97
93.01 -164.53
165.65 -245.77
147.32 37.32
192.43 35.19
245.54 -230.07
384.10 -164.02
347.30 -41.99
23.19 66.95
38.27 61.68
61.22 -230.15
174.46 18.62
298.28 -37.78
384.59 -137.28
50.84 -201.86
13.13 83.35
46.56 1.47
221.00 3.87
321.28 -260.03
255.41 -281.64
359.79 -297.67
141.55 38.47
112.64 68.49
166.29 -0.05
126.10 35.74
92.08 -17.21
25.20 -121.10
375.09 -281.15
366.29 -154.99
126.80 -266.82
97.67 -6.65
257.80 -85.85
198.32 -59.12
325.21 -32.08
263.99 -237.22
363.73 -343.95
28.85 86.69
350.52 -144.61
95.12 -236.30
17.36 -99.89
132.62 -236.61
1.60 -121.90
237.08 -216.32
90.30 50.71
128.56 4.91
268.55 -9.73
49.35 37.19
290.56 -326.88
198.56 -65.27
247.75 -252.78
227.72 -326.06
355.54 -114.26
218.03 -229.21
5.47 82.96
63.09 -220.22
62.28 -140.23
279.29 -18.26
299.72 -325.77
43.09 50.20
382.85 -289.93
187.07 -288.36
178.40 -3.94
145.78 -267.18
214.76 -236.24
392.25 -351.34
67.29 6.25
4.76 22.88
305.69 -122.30
103.49 -17.41
244.91 -255.90
342.78 -327.49
268.88 -222.98
377.81 -85.71
171.55 -188.59
75.71 -24.94
349.79 -345.55
39.99 -213.45
198.59 -306.34
281.61 -54.90
56.90 -209.83
317.08 -24.28
129.22 -7.14
9.66 -94.04
108.61 -190.37
98.00 -163.93
135.55 68.39
70.95 2.35
375.34 -152.92
139.60 -188.09
257.26 -2.62
308.83 -283.70
210.60 -262.71
139.49 -213.07
315.46 -264.51
188.48 26.88
366.16 -103.51
181.97 8.94
171.12 -235.31
275.84 -37.02
376.59 -305.33
37.66 68.12
40.39 -212.14
93.47 31.74
274.91 -314.88
158.29 -20.45
50.16 16.35
345.91 -107.28
365.72 -59.46
157.38 -271.81
175.11 -193.13
199.99 -221.30
334.17 -280.81
103.41 -200.18
143.55 50.17
385.13 -371.84
8.50 -136.84
276.44 -105.16
232.05 -295.22
346.78 -343.63
220.79 -14.49
149.87 -8.99
90.20 -240.10
140.84 -212.26
225.28 -272.48
58.47 -5.18
244.48 -104.03
399.61 -304.51
35.20 -120.26
99.53 29.02
126.15 -182.41
130.01 40.78
228.68 -268.62
288.46 -71.32
151.45 49.66
322.15 -128.67
251.49 -336.52
250.75 -250.94
352.72 -295.94
151.60 28.85
208.29 -36.77
181.86 -35.29
317.63 -73.16
351.27 -155.66
186.51 -225.99
242.11 -301.68
339.08 -36.93
308.74 -352.17
96.25 -22.19
178.18 -194.02
111.84 -243.54
12.68 101.86
236.40 -63.64
373.62 -370.33
232.48 -259.40
326.83 -81.40
311.98 -28.65
129.99 -172.93
367.42 -296.79
12.87 109.24
29.19 -134.03
366.29 -169.50
249.70 -267.99
253.29 -279.01
84.64 88.38
98.34 74.13
48.08 33.55
343.24 -105.20
341.68 -137.02
221.08 -257.73
323.08 -267.20
125.12 -238.44
251.60 -224.66
265.46 -75.16
342.48 -120.25
32.52 42.10
329.16 -369.03
338.13 -358.70
174.64 33.51
290.03 -342.89
331.52 -113.15
175.72 -65.45
311.23 -258.84
83.11 -21.28
116.46 -228.53
157.15 -186.85
191.64 -267.79
167.16 48.40
170.41 -214.59
15.76 117.26
309.44 -261.68
27.66 22.87
98.57 26.03
280.03 -335.55
377.14 -300.25
133.32 -50.44
159.00 -34.09
344.75 -45.77
308.54 -339.08
241.49 -44.62
399.45 -408.33
336.51 -318.44
348.82 -145.70
120.67 13.35
120.09 -176.12
385.71 -136.40
340.57 -44.97
246.96 -9.38
37.46 -139.12
153.89 -171.48
259.72 -76.84
211.81 -278.62
264.11 -11.16
288.86 -12.14
388.63 -111.55
145.78 -23.47
245.69 -250.68
291.65 -118.46
214.12 -54.96
218.18 -96.59
111.39 -25.17
77.80 -174.02
346.63 -125.77
15.00 84.86
95.81 -204.50
102.10 -194.10
252.16 -304.62
127.68 2.75
179.67 -184.28
89.72 30.46
372.09 -285.89
202.77 -15.89
273.77 -67.14
377.73 -318.06
