461.61 87.04
361.09 378.48
395.13 166.34
349.47 68.14
424.70 186.54
202.84 177.23
248.32 192.15
158.02 151.67
131.12 203.44
111.28 346.76
121.18 338.82
433.46 183.17
328.59 92.01
213.05 253.93
-172.59 182.22
390.27 190.05
258.09 206.46
-123.04 -116.93
379.37 352.06
118.07 362.35
-133.39 -187.20
185.05 243.02
190.04 194.40
118.02 332.51
99.81 317.37
470.90 51.90
-163.59 180.85
171.82 195.49
176.29 193.44
318.06 103.40
77.59 358.59
335.67 351.68
134.56 337.21
448.65 138.95
-158.09 152.44
145.49 218.78
493.31 122.86
112.62 345.58
383.94 197.64
213.98 185.24
447.36 140.44
99.62 50.36
311.96 98.37
89.39 355.83
361.22 345.57
367.94 340.12
131.95 373.25
180.64 216.25
225.31 245.32
353.51 37.54
179.08 192.65
133.16 359.13
333.46 319.41
184.91 214.49
123.81 369.07
186.61 226.10
218.19 182.14
483.50 69.05
139.32 351.79
231.81 220.41
218.20 174.51
131.58 211.41
330.71 372.67
125.06 375.27
358.40 378.19
223.59 155.02
175.42 198.51
185.26 175.97
450.05 63.03
105.30 325.21
328.77 130.09
146.78 -173.43
88.48 354.38
27.32 -150.97
146.20 208.91
258.48 162.79
208.09 225.91
307.36 137.54
170.21 214.68
93.14 328.56
105.78 364.04
231.95 221.90
206.60 171.29
109.14 369.06
458.46 101.28
303.79 80.30
171.15 162.19
423.59 188.65
166.75 189.17
82.91 329.36
261.23 215.04
87.14 335.97
352.32 78.04
180.16 207.60
309.78 84.96
236.88 162.08
423.33 154.27
216.72 262.75
214.93 246.10
82.62 314.38
363.13 191.76
221.64 193.93
13.92 61.03
224.37 219.93
249.96 204.99
240.27 169.85
258.76 213.93
411.49 45.01
108.20 341.89
81.53 378.70
220.58 225.23
161.38 183.92
197.83 173.50
92.59 370.06
148.38 217.67
86.25 351.01
342.32 135.34
387.22 15.27
-149.10 174.76
152.70 158.19
85.33 352.82
86.80 344.55
372.09 374.94
384.25 43.19
336.21 349.34
323.05 118.65
354.94 329.26
92.30 372.86
-134.73 163.14
98.23 339.33
343.17 385.11
182.27 182.50
317.85 346.16
370.09 163.03
207.01 181.10
133.49 371.01
180.82 185.83
26.77 126.74
216.15 220.11
205.98 163.94
191.13 240.24
89.35 326.48
215.29 182.76
354.97 370.97
229.22 228.42
120.17 352.61
394.38 37.47
234.09 237.97
316.47 363.32
216.41 211.73
99.28 362.02
334.37 347.85
83.08 361.38
203.52 151.96
246.27 208.10
198.66 226.60
108.71 332.14
233.32 160.44
247.96 225.82
471.17 113.90
459.51 69.70
196.28 166.36
180.67 258.02
358.21 340.35
89.16 320.14
85.90 352.88
197.79 165.51
81.32 330.02
254.69 177.03
35.81 103.64
342.52 343.33
366.59 149.56
206.77 138.89
238.25 236.56
246.70 172.37
173.70 162.50
121.69 364.85
166.82 246.46
326.45 87.63
116.14 365.62
399.53 183.72
366.72 55.23
455.05 172.92
-103.36 127.70
368.36 357.40
196.11 154.98
317.85 108.98
369.50 319.52
-34.01 63.10
324.67 112.85
376.42 29.90
193.00 148.80
339.95 321.38
451.83 102.83
343.80 72.03
106.13 312.45
183.21 213.45
86.59 346.90
88.60 356.04
146.32 213.66
96.63 333.45
349.68 375.94
78.25 344.68
487.80 107.71
217.02 253.41
185.14 257.06
379.43 30.15
107.37 314.67
117.36 337.25
-30.72 53.44
107.20 376.94
415.08 192.60
356.56 380.26
359.68 366.46
203.98 141.10
458.33 156.64
222.78 251.23
339.33 336.15
216.49 151.63
370.51 365.52
341.78 69.17
116.38 368.14
221.43 167.68
75.78 374.44
87.76 378.67
308.99 89.73
194.86 142.51
224.83 139.87
-97.45 -61.27
-93.95 173.69
433.48 139.75
123.21 355.13
223.84 160.24
78.76 356.57
224.31 174.72
475.29 94.03
102.78 321.07
175.21 214.59
326.22 147.94
208.21 167.31
175.68 188.40
372.39 186.57
173.82 226.73
110.49 362.37
395.68 19.74
162.66 221.72
337.32 330.14
327.52 101.75
482.11 60.49
355.43 313.52
77.75 337.98
144.22 194.31
108.36 342.55
332.77 358.85
74.37 370.53
206.60 147.01
164.27 148.53
324.34 359.62
143.62 174.07
110.33 80.40
260.32 190.53
89.04 380.57
353.34 365.02
165.35 171.43
108.32 340.41
193.06 227.60
89.94 365.92
127.05 349.73
250.80 188.48
112.23 378.37
247.76 148.96
111.49 40.14
321.94 104.47
224.34 219.13
201.60 162.32
247.53 169.09
346.60 173.13
179.15 189.53
384.54 341.75
228.11 171.76
161.17 206.98
403.86 190.14
339.50 319.45
76.77 381.00
172.95 245.32
69.12 -27.34
487.22 67.33
95.78 363.44
184.98 246.17
86.70 353.39
368.52 357.33
74.81 377.36
84.22 351.07
103.05 329.00
461.21 156.73
326.78 339.75
212.77 154.99
124.79 332.20
151.14 183.26
336.42 357.95
440.95 68.03
465.43 33.08
405.44 9.88
90.87 334.60
109.70 371.56
155.53 214.73
330.56 133.64
80.65 337.28
131.67 352.81
366.20 338.71
170.85 186.06
-39.95 -36.95
237.24 160.21
235.15 195.57
350.20 68.95
450.86 70.09
401.49 4.05
419.43 150.20
445.55 129.78
110.55 345.61
-9.17 172.86
95.82 389.53
382.38 3.99
479.84 91.21
344.08 119.73
243.29 218.09
217.15 150.21
386.79 345.85
261.99 210.38
146.25 181.13
348.67 144.15
339.61 57.28
104.57 -78.14
382.77 38.91
245.42 195.99
-78.77 190.70
174.84 229.46
452.64 121.07
207.49 265.14
114.01 379.15
196.32 165.82
370.25 24.56
55.46 -120.95
177.20 193.76
-130.31 118.21
247.82 176.08
195.74 161.14
251.37 206.48
76.08 363.43
414.37 11.15
250.13 191.47
130.43 192.45
414.47 172.84
174.83 232.23
217.93 225.20
349.12 330.53
222.24 185.17
119.05 336.35
186.64 238.88
317.63 123.20
322.20 328.51
225.94 196.94
157.58 163.24
332.42 100.75
362.12 47.62
86.73 351.23
-58.79 142.21
150.92 101.43
203.60 251.61
95.33 335.22
324.92 111.17
100.22 323.51
79.03 373.08
-28.86 -125.83
374.53 187.71
129.56 359.17
117.25 -152.15
165.90 199.17
347.75 133.09
187.57 132.67
130.94 345.09
342.69 118.92
366.62 354.12
407.55 173.88
210.79 163.57
477.70 121.37
447.37 38.86
416.98 45.70
370.56 189.19
84.39 327.33
70.33 332.67
225.80 256.18
184.16 146.28
496.16 83.68
415.03 5.49
317.23 346.24
320.67 341.69
174.46 207.38
62.24 357.12
343.34 87.30
-174.75 8.54
191.28 221.29
122.82 327.67
238.29 175.37
95.27 325.99
200.43 220.65
172.17 175.14
453.05 161.28
-158.64 -115.29
372.78 149.68
91.70 320.02
-82.76 28.18
169.02 187.07
62.99 359.78
369.12 362.99
171.87 218.34
160.73 232.58
198.66 166.26
340.41 377.20
438.26 55.96
337.27 29.02
374.73 328.73
159.72 151.83
-92.97 -20.17
182.24 219.07
353.95 367.18
173.85 262.04
354.78 61.18
74.50 333.65
72.47 363.93
237.75 176.75
190.99 260.51
253.05 174.41
66.08 370.39
98.55 318.45
325.17 361.41
144.77 66.26
181.78 187.09
369.95 321.15
255.97 182.21
176.82 255.29
219.60 240.68
409.81 5.49
172.44 207.01
213.38 265.73
304.28 88.54
325.45 55.01
-1.15 -189.09
-192.75 148.53
161.34 200.15
397.91 152.34
227.56 202.26
128.74 339.85
433.13 161.10
365.18 323.45
366.36 177.91
-0.03 -119.64
158.18 243.40
384.11 338.62
177.62 171.08
322.69 322.98
109.35 361.22
178.21 177.85
113.54 356.91
358.54 331.92
204.86 134.08
-31.70 -119.01
219.53 255.56
388.58 32.68
110.74 375.75
112.38 336.88
99.17 375.09
178.65 189.27
112.40 385.70
381.65 167.86
238.38 161.89
340.76 94.97
87.54 383.24
444.74 147.24
340.17 362.65
83.61 -155.77
401.01 42.54
188.19 225.14
192.24 160.24
372.02 351.26
108.27 360.04
69.45 350.12
406.49 181.70
220.21 212.78
-24.75 -119.52
190.08 226.87
224.49 198.48
172.20 135.57
457.75 55.26
155.71 170.43
188.54 241.26
115.91 340.67
351.27 381.36
241.84 195.78
181.59 226.82
371.81 337.03
211.79 217.24
481.83 64.38
162.06 234.82
90.17 364.72
335.34 366.22
371.56 186.36
220.83 171.22
323.64 122.93
216.45 262.68
90.82 380.64
349.45 335.58
255.20 172.31
334.48 365.48
203.32 170.90
458.77 179.29
184.66 255.75
213.57 158.85
109.15 314.58
178.43 235.96
85.31 -0.67
376.40 154.80
212.82 156.15
330.67 157.66
-92.82 124.83
355.39 126.33
198.17 177.08
90.66 388.38
437.18 141.25
243.08 209.03
434.70 165.65
81.86 12.19
363.89 316.75
148.45 196.73
355.08 58.36
70.03 363.95
237.36 199.43
416.36 189.33
455.05 155.36
168.41 256.11
347.30 52.11
365.67 180.10
60.22 -117.00
462.83 141.81
201.75 239.72
264.45 175.68
77.25 332.29
384.52 51.86
213.49 222.85
446.98 128.33
107.75 50.68
156.60 158.34
347.38 382.39
364.21 47.58
195.63 149.90
479.68 129.64
109.48 360.73
262.26 186.80
469.32 138.88
-75.05 53.27
114.17 343.70
233.25 197.88
328.01 57.89
177.26 207.98
114.45 338.33
125.81 163.78
-176.66 159.49
186.77 136.77
94.20 334.89
218.95 147.50
167.23 141.42
228.40 233.18
77.67 342.39
352.28 24.07
133.06 356.24
308.27 92.41
194.10 249.54
196.26 249.22
468.26 37.94
357.76 326.85
-59.88 190.33
352.55 16.33
202.83 157.74
76.82 369.41
256.70 175.95
470.59 77.03
395.04 29.01
480.11 115.43
377.48 191.06
389.24 5.36
118.82 379.90
83.06 327.48
170.86 232.05
363.06 188.97
228.26 224.76
224.15 201.52
189.94 229.49
471.50 161.16
75.55 364.55
85.85 352.64
65.57 355.49
362.43 339.97
119.73 336.64
172.83 212.87
354.89 125.73
96.12 320.32
-167.87 -191.84
123.34 357.94
434.35 29.79
119.88 376.73
194.60 267.11
220.71 192.66
171.86 168.49
132.53 352.01
230.25 188.95
114.62 353.66
64.40 355.95
118.07 330.92
85.97 375.25
409.57 48.93
179.46 198.24
327.37 135.41
88.83 326.48
241.18 196.86
167.34 231.56
340.91 123.95
342.30 23.23
195.09 242.89
187.12 156.85
-153.75 131.22
320.08 43.43
419.30 6.13
60.33 155.57
174.08 209.15
336.07 334.36
163.28 212.56
451.88 49.81
363.80 385.06
131.96 358.62
107.77 380.54
-57.14 130.88
-20.24 -111.46
369.14 318.15
116.11 348.77
107.80 333.38
189.86 179.04
108.66 378.85
233.60 247.83
79.54 323.42
215.98 179.15
133.65 -96.31
-176.75 -128.86
156.56 147.16
116.60 383.19
-31.59 -18.22
452.55 128.36
169.20 243.81
214.48 241.35
451.51 98.63
455.21 79.29
179.83 229.41
339.45 338.20
-104.31 125.52
208.94 174.42
79.90 366.45
84.02 376.34
157.32 204.52
315.51 353.07
200.94 240.47
442.98 67.81
103.78 330.98
382.77 48.31
344.27 36.00
372.23 155.22
114.93 384.86
176.73 146.72
135.14 334.91
442.88 68.29
105.95 383.15
222.64 146.47
116.20 348.94
469.12 74.14
147.46 201.70
249.26 202.88
213.10 169.35
357.72 58.10
74.30 367.08
180.13 185.51
465.29 53.02
108.36 379.52
446.09 129.91
387.15 186.97
80.20 364.83
98.00 383.01
112.15 342.35
-122.26 152.62
38.25 -32.59
368.98 189.74
430.91 149.15
230.90 230.74
250.19 152.63
239.84 244.80
126.80 363.91
337.79 353.90
348.41 22.86
408.52 23.09
384.01 48.08
-5.48 -29.91
96.13 340.54
74.25 380.00
118.49 315.51
439.55 188.18
108.70 321.85
222.26 177.79
232.82 160.18
310.10 88.81
374.62 352.02
176.58 254.57
191.39 224.06
-78.44 -146.77
138.07 338.06
12.67 184.70
89.62 355.15
221.72 190.20
179.86 195.94
192.26 224.22
182.87 187.89
356.02 337.50
220.57 201.03
366.17 377.72
133.27 341.19
95.66 333.77
433.37 28.72
232.90 226.24
109.56 363.26
215.58 185.84
107.40 335.26
350.13 142.51
216.31 222.88
71.77 334.39
228.16 252.70
343.30 377.84
356.84 70.26
367.97 167.90
160.09 252.14
160.74 221.02
68.31 371.66
109.60 330.98
217.73 160.02
91.52 373.70
218.17 211.52
353.19 134.86
475.51 102.27
166.35 180.98
198.33 163.82
-122.25 -41.42
100.39 317.35
182.48 -115.62
316.67 144.05
82.56 151.95
176.62 188.11
382.53 161.66
168.18 198.67
219.56 210.14
186.63 167.21
88.53 319.73
158.25 211.44
-38.47 -162.98
184.48 214.59
164.66 216.16
140.63 205.06
426.10 157.23
107.70 334.14
97.38 335.65
74.97 86.51
198.13 235.73
320.90 365.65
190.58 -131.39
67.41 370.02
367.72 138.50
-30.30 104.54
473.74 117.99
229.70 190.91
210.73 224.41
96.70 338.70
394.74 171.20
188.81 -162.47
169.00 242.29
154.28 206.71
101.98 326.83
90.19 341.62
206.82 241.65
379.07 361.49
-73.67 -130.22
353.74 324.13
332.39 345.42
363.17 326.27
316.59 139.00
192.87 168.89
115.26 381.70
364.93 357.32
256.10 223.35
252.97 169.10
485.44 144.19
360.38 61.78
447.18 135.30
227.84 191.25
-69.45 -83.88
385.50 345.47
161.96 229.80
236.28 226.61
217.29 182.60
457.60 70.68
157.49 209.88
175.61 206.57
375.04 340.36
54.45 -96.94
340.39 160.57
69.80 364.69
150.72 247.40
362.89 336.18
96.74 381.10
191.30 146.09
90.11 346.71
478.61 46.96
231.11 218.37
343.69 363.67
447.59 143.13
183.79 139.77
103.26 325.65
114.94 385.01
456.75 165.22
218.60 210.93
154.30 70.93
107.67 387.79
325.96 146.98
85.03 344.03
446.69 120.50
196.94 223.52
195.72 175.43
215.03 262.27
451.90 128.64
116.61 350.04
205.51 159.27
108.24 330.84
70.38 369.86
229.81 191.36
368.17 357.75
180.34 220.18
389.54 185.57
201.84 260.78
114.88 330.86
150.20 227.70
261.79 182.24
116.90 364.98
84.10 368.47
363.48 153.50
249.23 160.74
419.53 41.49
234.14 201.01
142.75 184.15
329.90 67.49
352.75 364.42
351.34 361.25
109.45 383.76
196.60 179.34
340.65 375.13
94.21 94.23
184.24 226.67
166.41 199.47
115.15 372.78
-64.92 -155.06
97.38 195.21
333.35 380.88
145.63 168.92
97.68 335.64
105.81 124.08
361.02 375.74
408.68 196.48
150.61 217.50
411.23 38.42
350.04 335.69
244.45 220.96
113.35 364.11
105.41 311.26
76.67 357.97
65.64 -195.33
209.49 156.52
204.77 153.89
461.64 72.69
196.59 177.86
91.18 370.84
356.35 375.31
226.89 149.86
245.71 208.90
448.53 86.04
395.05 162.96
90.86 338.11
384.59 360.28
-79.97 195.87
91.01 372.62
453.01 39.93
148.81 163.69
223.45 156.34
451.51 152.19
483.00 48.58
375.52 379.93
179.40 196.46
353.22 42.91
302.57 106.69
78.79 357.74
450.43 145.02
150.90 181.84
352.39 362.76
381.46 350.31
193.29 133.58
218.48 155.33
470.20 61.75
197.57 144.29
323.43 54.98
-71.36 -191.64
117.12 351.85
136.27 221.21
-181.37 -143.40
351.17 142.96
340.81 323.02
389.88 9.96
447.90 133.77
416.50 24.17
201.98 231.82
185.90 231.65
337.01 341.83
195.62 174.42
191.18 140.60
229.77 245.14
452.36 79.48
327.35 60.89
113.39 342.43
254.84 161.20
219.60 257.68
355.11 313.57
-4.45 33.98
205.22 261.74
226.89 227.09
376.77 358.30
480.36 148.40
209.31 152.53
248.30 217.41
261.28 197.53
117.92 -184.02
88.90 354.39
341.00 38.11
103.04 338.73
13.41 32.09
339.63 127.56
172.77 252.10
226.08 187.72
342.75 316.50
88.43 338.57
200.67 178.75
113.39 344.30
373.02 379.25
188.76 220.11
220.64 219.19
228.29 233.57
179.53 187.43
184.92 234.64
231.40 217.78
223.94 195.83
108.76 336.66
-25.18 -182.51
186.52 222.78
168.76 206.12
215.24 265.86
363.19 382.72
369.94 33.23
-86.43 -110.83
324.67 148.81
410.78 197.55
350.17 369.10
229.74 183.44
66.30 120.26
264.30 212.30
349.86 74.82
383.32 50.12
350.87 15.20
196.96 130.59
228.44 172.66
341.29 83.33
184.12 242.33
188.95 131.86
146.17 164.47
182.03 154.61
217.08 162.24
207.77 223.21
134.68 209.31
447.67 171.61
376.34 338.49
256.32 226.90
453.10 169.62
