198.94 196.32
114.58 344.76
176.02 190.82
95.34 333.75
120.74 355.85
92.66 347.89
201.41 206.08
368.99 65.35
174.17 224.35
209.72 185.33
102.26 355.11
182.47 158.86
213.46 223.29
165.37 187.88
215.03 212.78
189.53 165.84
101.02 374.22
194.87 238.22
386.76 98.38
200.22 202.94
123.72 366.36
199.43 189.25
120.30 365.15
210.13 206.71
178.76 198.65
93.61 354.80
200.59 200.69
200.91 207.06
230.72 181.37
399.62 76.95
109.55 356.84
117.49 345.79
99.04 362.15
199.65 200.59
372.17 66.08
203.90 202.39
107.10 355.04
182.10 187.55
200.07 199.89
398.43 103.81
381.74 118.01
119.13 352.24
102.91 351.59
125.21 356.46
425.76 81.07
89.24 347.48
209.88 215.29
105.53 373.63
98.18 348.75
417.85 122.24
228.12 212.45
80.24 343.84
177.94 194.67
217.31 218.22
77.70 338.25
219.85 209.49
156.85 213.99
383.70 117.02
239.56 227.35
165.01 212.62
187.45 194.84
165.71 211.87
96.74 362.53
100.61 350.36
425.59 88.00
190.96 232.28
100.15 349.67
155.54 181.00
103.78 347.38
85.35 353.78
120.34 344.89
396.98 109.33
205.65 205.83
107.20 335.52
202.89 235.04
229.86 173.96
77.12 357.71
238.62 187.58
122.50 336.67
410.74 94.01
399.66 116.20
105.61 351.08
427.82 131.52
152.34 208.17
206.38 213.34
153.67 184.09
178.81 178.98
99.81 326.66
99.89 349.06
198.52 199.00
118.63 373.11
97.14 325.73
212.20 237.17
399.50 66.79
197.78 198.60
128.53 342.64
96.98 361.14
99.77 350.26
97.53 373.78
202.76 171.81
108.70 375.12
414.82 90.86
219.29 199.74
78.79 343.04
99.35 367.08
198.54 173.33
105.78 341.23
220.29 175.82
218.01 225.66
200.13 196.34
103.38 329.55
101.54 352.65
84.84 356.37
104.82 336.07
106.54 359.74
81.18 370.32
98.73 351.55
398.71 83.43
125.22 334.20
110.22 371.44
95.56 356.21
359.04 106.62
202.01 224.75
81.54 347.70
403.08 101.05
194.89 214.34
226.36 239.33
217.63 239.97
94.50 342.00
112.18 360.98
175.67 187.52
446.05 83.85
407.98 139.11
125.34 355.81
92.91 350.11
388.84 132.88
118.47 353.48
98.54 354.05
399.80 95.69
101.48 349.41
79.54 369.60
203.27 200.84
442.48 99.97
232.55 191.42
103.31 347.26
397.91 57.45
105.37 360.92
194.96 175.57
169.56 216.06
418.51 146.17
118.11 337.18
232.62 205.60
172.03 161.63
94.40 349.12
384.17 84.48
203.87 236.69
210.14 153.83
106.46 351.37
223.80 214.13
356.39 102.12
90.06 352.70
102.75 369.30
124.78 345.50
98.18 355.73
377.26 95.99
187.26 201.44
97.31 361.96
118.09 355.14
90.02 343.87
170.14 196.46
163.16 201.28
221.42 207.83
219.98 227.95
370.95 79.61
176.71 159.85
401.02 120.13
110.85 343.83
194.63 233.34
198.95 191.61
217.47 207.25
214.72 224.87
402.64 101.51
199.95 199.95
225.37 240.62
404.37 110.00
94.15 353.80
194.12 199.98
165.65 192.06
200.74 163.54
395.14 111.86
129.37 348.92
92.87 337.22
100.90 349.66
223.04 174.12
107.33 333.83
168.98 197.06
221.60 211.65
427.37 97.37
209.03 189.30
199.55 195.12
177.41 213.13
360.38 92.93
392.75 86.45
211.90 198.39
246.99 211.33
100.16 341.92
113.79 338.25
197.20 201.36
192.31 185.39
207.13 198.17
438.31 86.38
100.73 352.05
98.39 349.74
88.99 357.74
198.54 188.03
81.15 350.32
216.48 155.35
202.23 221.59
407.22 97.87
113.69 326.19
154.25 194.95
176.91 210.40
205.28 193.24
194.57 182.87
245.54 217.90
394.94 120.72
188.17 215.39
170.46 179.69
372.00 94.06
414.21 114.37
444.26 114.22
98.94 357.69
243.45 221.81
175.40 193.45
83.82 359.20
184.87 206.49
196.39 220.75
72.84 360.35
197.40 222.19
102.28 354.79
391.51 76.21
98.50 342.92
107.08 346.12
189.38 192.88
70.78 344.20
192.33 213.65
193.71 184.42
410.20 106.58
407.08 101.04
217.73 213.10
425.59 129.49
238.09 204.27
192.14 194.77
94.57 365.13
108.72 355.02
406.40 114.55
92.11 341.11
390.54 70.88
198.92 197.33
100.10 349.94
218.75 167.71
395.95 105.57
120.42 333.62
210.12 234.54
222.55 239.84
123.11 350.06
100.06 356.26
71.76 352.39
112.31 370.83
159.25 190.69
78.32 330.73
167.26 213.44
192.81 177.83
381.31 145.13
388.38 120.38
108.27 356.44
363.48 101.24
227.59 177.72
78.64 368.15
85.64 351.71
381.69 87.12
103.45 347.48
95.99 339.67
197.13 200.50
371.48 106.99
164.26 223.81
112.22 336.46
120.38 346.99
209.52 151.11
170.39 234.18
224.30 205.74
187.04 197.58
246.42 206.28
100.08 350.59
200.65 198.04
391.21 67.80
158.60 177.67
119.23 350.16
217.66 214.20
218.65 225.17
89.52 327.11
164.90 219.52
121.84 333.72
386.79 52.90
96.78 347.19
238.41 225.91
91.25 372.35
108.09 342.93
93.60 351.90
212.67 178.19
402.11 97.69
94.92 375.91
160.30 230.01
82.49 373.98
192.42 203.20
386.92 129.16
100.27 349.46
233.08 197.19
101.34 320.70
232.65 225.95
394.75 97.85
247.28 186.79
408.15 137.20
397.15 50.27
187.45 234.25
239.94 193.94
201.05 199.67
101.93 343.33
222.31 190.50
103.33 349.27
176.38 157.49
98.24 365.08
93.75 356.10
100.73 348.41
76.99 356.40
162.21 180.15
220.67 177.08
247.87 191.81
76.74 343.71
75.43 335.35
215.18 183.77
204.29 173.19
82.34 373.74
240.36 205.61
86.44 350.44
190.41 226.61
97.58 359.15
107.64 344.97
121.98 368.65
76.46 347.48
177.22 199.86
126.32 336.94
203.27 197.80
219.63 242.13
386.38 112.40
103.25 347.87
184.84 213.44
406.42 126.00
224.23 188.59
100.72 347.12
185.43 221.59
185.37 194.08
210.22 191.70
85.19 329.99
90.12 349.94
223.16 177.47
164.22 207.95
94.93 349.60
205.60 197.15
94.82 342.34
97.77 346.84
209.21 160.57
98.61 349.36
197.57 198.42
184.30 198.29
200.64 237.53
383.57 97.80
194.93 219.52
393.38 101.97
159.27 176.10
100.84 362.56
162.49 228.94
217.51 217.60
92.70 349.20
102.74 324.83
368.07 70.35
444.13 107.69
151.03 198.15
210.89 200.81
227.25 195.91
394.36 93.48
111.14 352.75
184.36 219.05
119.94 329.49
107.61 334.04
80.86 360.65
195.82 203.65
184.20 201.54
91.43 339.83
108.80 341.37
413.12 107.68
424.43 125.58
213.35 165.66
97.83 344.76
212.90 194.60
215.67 205.84
418.21 102.25
113.18 332.61
98.68 366.62
199.06 202.63
215.63 172.70
178.53 158.24
193.92 194.72
208.10 193.84
395.02 133.09
172.95 239.60
75.18 343.51
114.54 329.02
408.88 139.04
87.01 354.99
219.28 157.78
240.25 199.38
89.94 355.05
227.71 175.82
103.58 364.70
200.15 199.69
97.78 347.11
193.61 189.40
116.58 358.79
111.28 334.80
105.88 366.08
104.28 368.72
165.52 199.10
199.25 200.59
185.48 190.30
122.49 355.94
97.87 352.36
195.97 169.09
396.75 138.24
197.89 195.33
186.64 198.83
413.53 84.22
98.80 343.18
97.94 325.83
96.00 353.27
175.38 224.70
104.31 333.20
205.36 209.25
99.13 344.74
106.45 321.84
222.30 210.85
178.76 182.15
87.35 361.85
205.72 218.59
79.87 348.95
226.93 176.25
391.75 136.75
218.73 172.04
416.35 99.97
392.11 129.25
104.64 373.16
191.95 212.85
106.19 352.52
406.64 66.84
85.92 350.15
355.94 114.76
205.63 205.12
179.39 231.97
230.84 189.97
212.51 208.61
385.81 107.07
89.02 362.07
111.80 374.06
196.18 213.66
195.60 157.93
205.07 202.09
218.88 197.86
96.07 331.75
99.05 349.67
413.74 130.17
112.62 327.18
384.74 133.56
80.12 345.53
188.88 151.44
174.52 193.57
183.92 201.65
193.39 195.45
98.49 362.35
205.80 190.71
104.89 333.88
81.80 348.17
111.20 368.87
110.18 371.01
160.46 191.40
87.44 369.31
387.93 123.27
421.53 110.37
71.21 346.18
371.63 124.45
99.73 355.36
