293.34 84.36
318.34 18.62
197.07 181.13
151.75 194.34
87.19 283.46
204.38 160.84
299.25 101.33
208.00 204.99
117.69 293.63
103.12 297.34
118.01 310.30
307.79 103.75
41.79 201.75
202.54 195.50
293.48 341.04
137.43 175.96
200.10 203.69
92.47 329.04
310.08 105.69
100.90 301.37
81.50 311.99
98.99 319.10
185.45 203.19
192.32 179.74
102.98 303.59
96.76 304.68
115.16 281.65
206.73 197.00
108.63 289.26
213.83 214.90
229.06 216.85
106.86 304.85
93.32 304.04
90.08 281.05
342.05 86.31
218.52 211.64
305.02 145.36
201.87 202.22
192.17 201.61
205.34 204.44
95.12 279.77
208.37 199.96
89.37 303.46
303.95 104.78
190.99 187.14
96.52 298.93
310.34 107.25
151.58 211.64
302.32 101.18
75.79 312.45
198.61 203.07
214.06 217.71
321.39 59.94
163.31 184.23
189.63 176.52
198.16 208.15
220.83 183.81
143.10 30.81
216.43 207.39
208.35 201.49
98.80 305.02
237.46 193.50
220.10 208.53
189.43 188.89
329.17 72.04
178.96 178.87
92.88 305.39
97.29 299.25
183.79 207.84
219.85 226.44
180.63 199.41
208.59 246.62
281.61 104.93
86.56 300.48
165.20 195.09
284.82 116.16
75.33 303.77
208.91 185.47
219.86 160.97
174.19 166.07
188.96 210.05
167.50 172.80
100.14 306.68
103.17 324.91
90.93 276.64
179.93 241.66
232.49 195.97
174.12 223.11
166.68 213.41
103.41 302.35
16.56 166.33
205.43 200.67
170.13 216.98
103.55 292.09
319.46 102.73
268.86 129.46
162.52 191.37
95.56 314.49
193.50 188.83
294.06 116.42
209.67 175.21
197.71 230.12
159.12 179.21
315.80 110.51
86.26 290.43
339.38 84.97
226.81 221.23
192.48 160.22
98.52 302.98
335.03 370.07
100.56 308.02
102.62 308.82
111.17 299.30
192.79 183.05
200.93 198.80
32.42 238.44
96.86 305.98
100.71 299.10
196.87 198.54
259.81 129.47
181.08 205.48
91.24 322.94
210.26 176.34
98.56 308.26
166.78 224.94
100.73 299.35
72.16 293.69
104.15 298.46
296.64 185.30
215.72 204.28
196.70 204.62
300.71 142.14
224.18 240.52
302.81 115.32
99.20 299.36
227.19 190.93
80.42 310.11
204.38 185.38
99.31 313.38
274.68 83.16
206.96 161.08
200.24 200.19
325.73 76.13
216.04 3.16
190.44 192.06
199.56 247.42
293.64 71.97
198.56 197.98
139.03 356.65
99.96 300.24
306.75 94.03
92.45 311.76
262.41 98.79
206.81 204.36
165.28 219.20
26.57 257.72
200.11 199.95
199.61 195.74
332.24 95.42
245.74 190.76
215.05 204.50
301.12 98.45
259.76 93.30
202.96 207.52
305.01 98.28
227.22 170.91
254.78 104.25
87.65 302.40
224.29 212.74
206.65 207.83
340.03 126.54
100.83 298.90
243.83 205.72
298.42 108.25
339.40 95.13
223.87 178.26
203.06 174.97
204.21 231.48
308.58 106.49
183.61 236.12
197.12 182.68
216.09 193.40
143.65 367.23
172.51 235.49
98.55 315.83
102.40 303.85
96.19 308.00
276.32 101.52
188.49 172.95
79.86 293.54
244.86 161.09
258.98 98.47
198.49 166.59
151.52 192.94
196.37 199.56
278.99 65.49
122.41 296.95
200.17 204.17
81.54 306.17
208.91 197.88
284.59 112.71
276.98 60.87
229.02 159.60
90.01 308.34
222.73 166.11
383.28 71.98
308.80 116.30
98.86 326.53
122.91 296.54
175.68 160.11
186.77 211.96
198.82 214.51
225.57 222.05
104.91 306.02
180.97 205.50
77.73 298.24
212.96 200.45
245.35 184.89
222.18 217.46
273.60 101.23
324.91 81.22
87.26 284.51
244.92 180.74
81.06 283.79
177.23 163.09
108.25 306.97
354.56 297.81
317.58 88.66
92.33 305.81
236.15 175.29
300.52 69.70
101.65 288.79
109.87 300.39
116.52 292.92
78.90 130.62
333.71 88.05
331.08 82.58
231.70 162.60
171.71 207.24
293.59 73.07
213.26 216.93
207.46 153.05
249.07 189.62
117.00 313.25
172.76 211.35
122.24 316.75
339.64 85.90
110.60 285.00
281.37 133.99
185.13 198.91
87.39 306.84
196.64 241.34
290.74 134.25
93.45 353.39
97.26 322.34
101.92 305.91
305.58 127.48
234.50 10.20
93.30 286.97
307.17 108.98
221.55 174.76
85.79 297.71
158.08 180.10
241.98 185.28
199.17 192.32
106.71 291.43
102.01 294.27
205.15 211.27
183.63 243.91
206.69 245.00
186.86 204.79
201.18 196.30
197.84 227.19
97.39 323.15
188.46 153.45
200.55 197.37
189.09 160.05
101.17 301.87
163.79 213.49
199.68 199.58
116.71 323.88
190.38 192.87
209.27 213.61
124.72 301.89
202.00 208.28
92.70 300.63
83.52 287.46
109.49 310.82
97.63 291.87
202.81 176.44
366.37 263.68
122.42 308.46
202.00 200.11
192.37 151.92
106.39 308.75
106.66 308.18
224.73 234.46
177.36 211.63
100.90 301.10
124.95 299.18
206.34 243.56
94.46 301.81
103.37 281.99
297.92 108.19
99.14 301.95
204.74 195.42
292.33 137.52
94.76 288.44
328.82 122.20
203.04 236.84
105.36 311.69
110.47 298.73
122.34 290.59
97.45 299.06
205.96 194.30
207.34 187.31
223.51 201.03
202.55 162.99
93.21 283.27
167.55 178.67
104.33 293.32
193.94 199.55
151.60 182.60
157.71 176.42
210.23 213.04
318.12 125.75
203.16 215.00
210.45 163.10
191.53 201.38
289.04 60.24
279.74 93.54
242.06 226.43
127.12 312.58
120.32 298.61
336.11 72.70
220.81 231.89
186.09 203.79
305.41 111.50
71.96 302.15
234.16 205.27
198.64 203.93
90.07 297.31
321.49 106.21
94.05 299.86
107.91 315.08
211.10 200.70
181.89 196.51
328.43 88.54
179.57 161.19
114.85 319.67
86.60 312.73
288.94 84.29
176.68 189.33
228.60 228.81
285.34 93.52
101.92 298.26
104.40 315.01
329.28 233.67
195.95 195.45
88.70 297.81
184.68 176.83
200.84 201.23
188.13 196.24
307.32 75.51
98.49 297.66
259.53 97.53
123.13 295.95
203.33 190.69
86.50 306.69
99.28 299.12
207.29 243.13
184.72 200.71
20.16 99.13
216.53 387.84
223.00 167.59
262.02 104.47
213.35 212.27
101.04 284.48
91.06 311.94
190.68 231.48
199.21 181.40
204.88 249.32
104.24 327.64
215.98 222.99
102.94 301.95
227.34 210.59
228.30 193.41
184.06 182.54
112.10 296.54
189.04 163.69
189.02 231.95
219.72 164.11
100.10 293.00
227.74 189.12
190.27 207.01
206.24 207.76
103.55 274.22
94.91 325.72
316.22 120.29
167.41 193.44
308.41 148.55
218.74 190.04
207.44 223.09
214.44 213.03
224.07 199.02
114.66 323.39
347.42 377.51
228.76 216.62
104.14 273.54
202.86 197.48
216.11 208.48
97.59 305.12
77.98 310.74
113.55 315.26
283.09 136.65
207.72 171.38
74.65 332.28
215.95 169.06
215.81 141.57
193.11 199.90
82.03 306.51
99.12 299.75
296.80 106.87
219.97 191.75
169.15 195.99
342.19 133.22
116.66 290.61
222.87 240.85
116.86 287.65
210.71 179.08
232.82 194.64
195.14 243.82
105.11 300.79
198.13 200.80
203.18 194.33
196.67 202.28
200.99 172.32
100.07 315.13
189.27 189.40
124.00 287.05
215.88 215.95
103.79 302.94
287.62 114.11
328.35 208.90
318.10 100.30
200.45 182.62
170.80 227.34
294.30 100.96
194.11 156.33
110.24 323.92
165.57 201.29
371.92 299.75
288.10 61.12
232.16 193.75
97.76 302.05
246.75 208.25
93.21 327.81
302.88 116.55
95.25 299.11
152.68 199.39
297.39 133.59
205.00 188.29
219.22 241.19
98.98 299.71
296.66 103.96
202.73 203.57
284.22 87.96
99.31 296.12
197.43 229.52
198.97 204.38
361.96 356.13
204.04 193.23
293.41 94.05
283.39 111.29
294.28 100.43
78.39 169.91
294.52 101.80
89.68 323.01
210.17 208.10
117.05 289.57
197.72 199.95
263.26 82.35
197.71 248.33
231.03 229.14
298.52 95.73
216.12 156.11
164.96 213.14
92.49 293.19
207.48 202.72
203.93 205.67
290.74 94.36
207.77 214.51
123.93 312.35
309.52 144.95
191.71 194.73
191.67 152.35
294.07 98.67
89.47 289.71
198.22 194.13
120.14 290.29
295.74 108.26
93.32 309.80
212.94 204.52
105.96 297.43
113.51 289.27
106.10 295.37
198.83 208.81
349.87 109.12
198.55 202.11
200.08 200.10
200.29 196.54
175.17 202.48
200.74 248.33
100.03 299.73
198.30 172.55
194.44 215.58
258.89 91.46
296.69 93.71
179.84 181.82
103.84 327.63
230.70 160.77
338.23 109.60
316.40 92.47
89.36 277.18
100.25 300.11
293.03 80.03
98.14 302.14
270.18 106.52
190.10 239.38
95.32 306.53
225.46 178.59
298.97 133.58
164.71 209.65
299.43 101.79
163.07 201.24
229.28 173.75
311.45 102.56
119.25 291.79
98.87 307.63
222.80 201.85
208.72 200.18
89.76 287.78
231.36 204.87
285.68 128.98
233.79 187.13
318.54 71.04
109.76 282.34
100.06 304.09
226.38 182.19
108.14 281.05
275.70 141.62
187.52 237.75
185.83 216.54
197.67 208.63
299.89 99.64
179.49 241.08
207.72 248.41
103.71 192.25
185.48 163.55
266.93 106.73
292.20 80.60
99.33 305.64
284.08 85.81
174.58 210.49
301.90 99.51
196.55 216.02
206.35 288.27
178.47 208.65
204.60 382.38
191.05 200.62
203.24 223.71
98.90 300.46
229.69 163.92
98.21 298.00
205.77 202.63
194.79 189.69
87.39 314.85
197.53 205.62
318.33 123.45
212.24 200.28
208.05 177.04
106.41 314.98
199.44 171.32
288.47 114.35
200.01 185.48
90.39 315.97
184.49 211.72
202.43 151.41
102.57 296.18
208.53 211.78
198.32 201.80
84.20 307.64
190.03 199.97
238.35 263.53
164.45 249.70
220.20 214.75
100.12 305.38
186.78 208.73
119.08 193.59
96.53 395.42
103.33 323.34
199.64 158.50
96.11 270.73
217.54 172.30
333.08 129.54
217.42 172.00
242.27 175.87
198.71 200.00
108.34 291.20
96.87 297.48
10.01 399.94
123.38 287.70
185.45 203.75
314.63 365.20
188.00 210.69
186.25 208.07
201.49 195.31
111.85 283.61
75.15 306.42
219.64 159.10
201.97 173.72
226.15 200.33
207.00 202.10
194.58 232.87
204.90 213.82
116.88 280.73
90.55 300.25
163.75 231.99
274.44 114.15
198.82 195.59
100.53 301.44
221.77 169.94
186.95 165.24
127.22 300.07
219.75 232.96
103.57 319.84
87.35 286.85
195.45 193.74
229.25 206.63
194.65 212.23
185.83 203.09
91.63 275.78
104.82 281.53
124.83 284.12
270.71 89.75
100.06 304.59
204.54 201.71
259.50 271.36
299.46 112.69
199.68 211.03
73.60 303.61
78.29 283.84
311.01 90.19
203.22 227.26
106.38 310.77
282.52 76.81
223.93 205.99
100.34 303.46
282.16 71.80
320.43 64.89
39.50 159.98
93.51 307.05
198.57 218.98
12.88 199.58
194.49 222.54
198.24 175.02
231.64 178.67
235.16 236.28
341.17 111.95
104.13 307.21
66.33 167.90
187.61 233.53
30.02 329.17
120.68 308.31
201.08 210.98
241.34 179.72
184.57 174.53
85.78 275.56
5.75 213.98
97.92 306.05
181.64 206.57
76.92 306.06
292.82 65.58
100.65 286.67
230.20 190.20
89.26 274.34
264.14 84.31
99.66 299.72
104.86 284.98
228.32 208.24
281.66 115.65
80.44 297.25
97.46 300.05
100.68 301.23
338.36 110.58
193.15 220.02
100.39 307.07
223.68 205.03
199.70 191.42
227.42 177.84
215.53 246.98
81.75 304.32
97.94 301.03
85.79 274.76
113.22 309.94
225.17 165.59
149.22 233.16
100.70 286.00
210.13 197.97
286.51 67.42
198.07 202.76
201.50 198.11
200.35 200.33
304.66 93.46
183.77 126.72
226.15 215.71
264.23 89.45
218.88 54.49
211.55 198.50
180.24 176.48
213.67 197.00
97.48 297.72
206.71 247.89
177.76 208.94
199.87 186.95
105.98 321.48
172.18 181.89
295.88 84.57
105.72 304.82
221.97 228.29
197.58 198.72
200.03 200.21
298.51 247.97
202.04 201.64
173.09 161.71
200.14 200.58
100.60 303.73
128.34 136.74
196.98 201.07
200.51 200.02
211.08 235.44
207.80 188.37
192.99 191.00
274.98 110.41
183.66 191.56
95.99 299.34
195.54 190.88
90.29 314.83
97.22 303.01
83.64 303.41
247.10 198.16
102.86 295.67
107.76 312.73
293.59 116.65
166.52 217.81
216.26 215.22
159.40 203.87
216.81 175.33
200.88 183.81
102.68 297.16
208.60 42.59
180.74 215.50
195.42 206.86
98.00 309.68
225.21 208.97
376.41 110.54
124.68 298.22
300.65 102.76
82.95 307.33
92.79 299.62
204.18 207.02
199.24 200.94
109.37 287.31
227.29 232.04
208.36 193.89
87.82 301.52
330.14 101.93
106.70 281.03
91.08 317.83
191.29 222.23
199.60 191.85
335.03 94.82
195.76 231.67
296.89 101.25
110.11 280.88
102.62 294.15
201.61 190.48
210.84 5.97
265.39 100.34
302.82 98.72
197.27 186.90
97.51 320.44
218.06 222.60
99.16 307.63
100.23 300.93
238.71 203.74
176.12 235.64
230.58 220.52
199.87 198.83
82.89 298.75
297.49 103.81
212.39 219.67
205.37 221.16
233.71 220.31
79.73 282.69
202.57 197.46
282.97 72.14
197.08 196.22
304.30 104.39
378.62 71.18
217.13 220.97
210.65 209.73
81.98 316.65
50.64 290.84
210.81 201.15
153.30 206.32
217.15 217.34
297.79 78.16
209.44 159.49
103.35 307.61
291.22 88.85
99.16 319.58
298.87 225.61
207.45 165.51
116.47 291.86
208.64 174.95
214.82 201.17
186.67 187.96
220.32 210.73
197.23 235.04
177.36 211.56
220.01 176.86
195.41 179.67
102.09 298.74
231.98 197.10
206.32 183.78
109.99 306.41
100.76 282.58
165.49 211.45
219.96 197.27
211.35 199.75
202.87 204.43
198.61 191.47
102.96 293.08
80.91 312.80
155.10 42.19
93.98 282.83
214.38 170.73
227.12 227.57
184.35 221.98
3.82 92.51
274.33 90.80
165.23 196.76
197.16 249.55
104.98 217.00
197.96 200.26
175.34 184.13
202.71 206.50
108.20 296.35
285.09 57.51
84.79 289.17
102.52 318.86
104.22 312.53
181.93 195.18
98.41 310.27
95.84 275.70
96.77 297.31
77.66 300.65
300.30 83.78
308.43 127.59
90.45 307.66
129.69 144.43
225.42 242.95
218.13 166.27
109.01 284.24
306.95 114.99
175.04 180.26
318.95 268.57
126.56 300.56
185.10 216.30
103.97 320.18
286.08 56.50
182.55 154.96
295.60 91.07
289.54 80.37
305.26 99.69
118.00 311.89
194.58 192.77
85.66 319.95
86.57 285.49
157.11 214.82
290.61 80.63
9.05 381.58
273.92 70.58
170.26 234.40
300.22 100.51
99.59 275.07
75.34 293.73
212.45 223.89
195.84 176.74
213.23 214.11
122.33 292.25
100.77 301.07
217.63 198.95
221.44 201.53
220.51 202.45
302.53 99.19
100.12 299.66
226.84 192.71
84.62 319.33
117.25 309.17
180.89 197.38
204.83 180.12
354.26 95.90
170.73 165.68
237.40 210.59
269.63 60.85
86.91 325.83
248.59 204.33
242.06 226.71
212.95 190.28
96.90 300.30
169.52 199.65
295.69 175.76
180.48 219.34
203.54 200.07
298.43 146.06
228.14 179.87
62.33 235.37
202.25 238.28
102.25 317.62
204.23 209.05
97.42 321.03
221.19 176.56
207.29 203.04
264.10 195.98
174.92 231.68
104.47 316.50
224.71 217.84
92.04 305.83
78.88 318.76
99.83 299.65
118.68 296.79
102.03 299.02
213.65 214.65
295.37 96.32
88.42 318.18
99.10 290.39
321.22 140.97
187.47 207.37
151.29 191.48
88.17 281.10
175.22 167.48
164.03 173.34
124.42 293.32
195.13 240.94
393.79 162.27
308.14 100.58
285.26 128.65
165.76 169.78
81.57 320.71
322.91 357.31
90.11 296.76
166.14 214.69
198.00 200.85
228.82 213.87
220.18 199.96
189.06 196.06
292.51 115.50
112.09 241.65
208.29 193.92
97.04 303.20
304.17 73.59
218.26 184.48
280.49 119.75
174.04 209.51
252.09 332.76
347.60 94.16
180.08 227.56
214.88 153.95
214.89 317.69
175.22 216.11
121.12 282.75
214.53 205.04
108.28 328.11
383.11 22.67
196.00 229.01
175.79 192.63
46.21 32.83
242.91 203.77
73.26 302.59
198.53 197.30
117.75 283.82
100.52 277.00
219.59 218.71
211.63 194.26
107.46 303.28
93.28 49.28
101.77 289.60
207.73 189.08
98.45 300.66
203.25 172.33
329.77 71.85
86.13 284.87
200.73 234.58
300.74 88.44
287.88 94.73
183.64 219.00
103.86 307.64
194.80 196.77
226.61 180.49
230.00 174.30
104.75 304.96
88.76 308.12
93.06 305.12
318.21 69.70
121.61 318.30
266.87 96.67
191.60 203.52
234.33 188.10
220.45 176.96
108.11 280.80
185.00 158.41
195.31 189.84
206.18 195.26
109.38 274.17
190.14 207.90
303.69 137.94
204.97 198.96
70.21 39.31
97.71 299.25
91.15 316.73
245.04 199.03
137.96 87.98
245.31 212.08
194.34 185.66
85.23 276.62
309.71 110.29
297.51 96.65
226.53 178.85
217.25 169.71
303.10 84.93
102.33 287.86
118.34 319.49
113.49 107.83
97.67 296.79
106.58 295.95
298.58 58.07
201.89 196.20
136.90 223.62
311.01 118.87
194.98 189.78
93.59 319.53
184.48 164.17
102.38 294.37
191.43 190.92
231.20 189.27
220.71 161.67
306.58 60.98
78.98 288.92
100.25 298.26
193.85 178.12
153.28 205.89
298.52 103.79
296.47 93.08
178.65 191.36
193.57 188.39
115.63 294.53
84.85 313.40
96.07 299.23
113.02 300.71
321.98 79.29
101.49 283.48
94.93 77.42
185.75 37.14
294.35 137.14
169.15 238.06
14.35 102.96
169.16 163.14
103.01 314.09
128.00 289.57
213.84 197.59
277.33 141.46
193.61 155.20
200.56 199.18
83.01 277.66
274.24 28.82
100.36 301.87
87.40 287.11
112.94 300.73
159.40 341.40
181.80 190.90
86.72 283.46
96.77 289.17
97.05 302.74
211.16 165.49
298.25 101.71
221.74 166.31
83.99 312.85
109.79 159.76
124.55 150.46
38.54 201.60
14.30 281.57
103.20 285.48
286.42 109.43
200.59 183.61
198.25 200.23
25.05 324.61
108.30 302.97
205.72 151.90
205.80 209.88
311.27 124.27
189.54 163.43
214.18 202.58
87.31 284.09
333.11 113.34
202.99 198.47
100.92 299.90
159.08 203.71
93.36 301.02
237.80 216.01
198.40 208.82
37.57 365.71
300.12 119.80
86.02 50.56
199.25 200.24
371.65 40.84
122.58 285.74
281.04 126.09
297.78 87.82
176.80 200.74
335.50 326.16
226.48 224.57
295.70 84.63
215.14 209.43
111.50 292.53
206.79 192.91
194.25 212.05
122.67 304.44
310.85 87.93
205.86 199.95
295.08 106.75
293.82 203.37
222.02 215.18
194.48 177.91
317.31 110.16
166.93 175.73
122.98 309.14
226.65 163.54
229.90 203.61
92.72 317.86
169.42 179.36
298.48 108.32
107.26 299.88
176.19 163.15
190.63 236.18
211.84 170.49
203.89 220.08
195.87 198.13
187.65 198.53
253.10 87.03
94.10 309.05
78.48 302.78
108.17 313.51
101.53 293.81
164.68 231.11
296.65 85.10
118.48 279.79
272.42 61.51
76.55 316.99
210.82 189.75
87.81 294.59
81.45 291.68
300.71 96.61
200.36 197.92
201.47 219.30
238.02 175.21
103.05 285.10
266.36 340.26
100.14 300.78
319.32 95.41
222.73 227.22
228.28 204.93
103.46 300.99
299.93 100.13
106.76 293.61
172.01 239.76
282.75 93.81
328.55 74.03
225.38 220.44
174.87 159.82
203.92 208.80
102.85 311.99
211.03 227.24
204.93 195.24
197.61 200.75
146.91 374.99
230.85 189.26
219.40 217.63
193.60 213.36
189.67 199.65
179.24 200.00
82.11 304.37
188.69 173.88
206.14 198.64
11.91 1.71
194.81 186.04
301.45 118.66
109.84 281.35
208.10 224.12
287.51 57.80
109.52 306.58
230.91 203.98
301.93 100.80
177.18 229.28
230.49 182.26
159.49 207.15
112.46 323.97
167.83 168.43
100.58 298.87
195.09 174.91
211.39 211.09
307.31 94.76
292.21 121.51
102.03 290.78
236.41 221.09
182.98 241.57
227.38 240.39
393.62 248.26
215.49 188.00
332.11 67.29
377.13 393.99
274.53 64.81
326.27 94.68
98.51 314.22
307.25 373.52
89.09 296.21
97.93 286.40
352.16 258.22
108.29 291.20
112.13 305.20
84.51 303.89
194.42 189.55
95.56 300.25
213.83 177.69
94.45 306.29
208.28 241.99
189.56 198.33
110.16 299.20
36.36 348.25
103.95 305.92
108.54 281.91
82.07 313.55
193.50 199.32
212.31 196.97
151.97 186.85
383.25 361.34
185.58 207.24
215.98 156.44
317.37 198.08
334.18 129.55
166.94 184.31
217.56 187.52
91.43 288.14
110.80 321.18
109.01 302.84
183.01 173.65
6.97 181.30
188.80 205.80
212.17 214.11
108.58 300.81
221.05 213.77
107.16 300.64
91.53 292.65
220.70 119.74
337.32 75.25
110.67 322.39
99.99 321.02
275.66 140.46
98.96 316.38
213.09 237.59
94.50 300.57
203.14 201.53
267.05 111.96
201.16 199.87
148.08 353.71
161.73 60.25
188.93 40.70
217.65 208.09
187.98 172.54
190.33 213.64
208.99 201.30
237.25 223.91
194.31 198.29
290.88 80.77
238.69 221.01
191.28 163.79
303.92 108.96
199.93 195.28
219.27 235.92
204.76 237.18
176.72 225.23
181.08 189.18
91.70 315.16
215.11 180.09
199.02 189.79
83.06 295.67
204.48 247.33
207.73 193.79
198.26 199.14
216.23 206.61
182.34 159.82
308.71 213.49
104.14 272.56
156.73 213.36
185.45 242.30
224.31 197.21
172.22 213.02
204.32 192.58
260.79 98.92
96.21 290.00
230.46 235.45
198.15 194.12
100.62 299.83
119.48 280.90
296.88 117.35
97.95 291.61
191.18 223.09
180.87 222.95
80.61 290.62
167.94 195.26
173.51 168.54
197.86 236.13
101.93 296.42
179.79 168.84
319.65 102.10
309.49 361.78
95.05 314.93
196.32 200.42
280.90 13.46
189.10 231.56
113.49 311.62
151.85 206.24
121.10 281.57
95.52 324.01
218.81 220.85
335.40 120.02
187.95 203.74
19.45 59.09
100.17 300.45
283.80 146.73
17.69 157.11
87.96 299.40
345.46 344.95
95.36 301.00
196.33 165.51
28.43 241.16
109.63 299.95
99.35 118.82
113.03 278.06
223.28 169.38
319.90 95.40
103.75 318.87
121.20 279.34
102.09 279.19
108.19 296.47
345.06 81.02
168.21 228.46
166.86 207.08
206.02 183.14
223.83 326.27
307.58 103.24
105.11 293.21
224.22 216.55
199.22 162.59
225.20 213.71
343.84 93.31
219.52 187.60
179.81 328.81
289.31 106.72
108.63 295.97
100.30 303.65
127.99 294.29
220.30 186.38
199.73 200.19
100.45 299.96
185.77 211.80
98.44 302.58
203.54 207.43
333.37 63.94
199.74 237.16
214.04 159.99
245.74 194.69
192.66 154.66
127.78 288.83
11.44 147.92
253.37 87.03
123.51 312.33
347.72 103.40
176.87 200.82
202.86 196.31
174.01 175.50
305.12 136.72
123.44 307.71
201.38 199.90
122.55 294.71
191.86 181.13
171.38 208.26
209.43 187.66
188.04 230.79
398.36 227.35
186.51 208.09
191.59 183.84
204.24 190.06
331.90 98.69
128.83 295.51
216.54 170.62
205.38 208.52
209.81 195.44
296.27 93.68
50.06 360.97
179.34 221.83
188.90 190.51
94.10 300.87
97.75 326.91
108.45 309.17
134.11 116.91
310.32 67.73
300.94 51.94
206.61 186.70
230.10 180.12
194.91 198.87
106.08 303.25
106.20 305.84
81.45 313.33
216.22 206.20
184.14 246.43
92.82 305.10
183.52 183.55
192.22 239.14
114.43 294.04
181.58 239.26
192.62 193.67
222.76 187.80
229.96 215.31
99.89 299.78
94.88 280.87
49.40 181.96
91.67 304.18
285.05 133.47
217.91 208.14
222.87 168.91
301.06 100.11
106.60 298.25
278.53 78.94
385.50 46.15
118.58 279.00
310.08 95.33
98.85 291.96
84.84 290.16
241.48 200.81
90.79 308.12
230.50 162.48
199.25 201.02
95.22 271.05
219.03 205.01
102.22 298.12
224.53 216.97
232.38 182.72
81.53 284.97
198.62 175.19
199.80 214.59
315.47 71.53
117.55 286.51
180.66 215.44
180.14 219.95
267.24 129.05
100.74 301.39
121.43 301.47
82.00 319.41
225.47 165.60
199.97 199.95
274.02 130.04
331.68 91.46
217.72 227.99
112.56 296.45
97.94 294.78
304.16 111.66
300.59 96.14
222.42 227.19
168.99 204.00
215.74 186.38
269.15 121.35
186.23 228.00
180.42 230.33
200.33 204.50
96.55 308.24
208.36 206.04
337.70 121.24
242.26 194.95
201.47 201.99
109.66 278.98
308.31 116.17
202.59 201.67
201.70 236.71
185.76 213.03
189.02 188.75
300.05 100.16
299.38 116.31
88.38 294.99
126.58 304.00
116.67 164.56
307.20 95.85
310.42 88.90
109.49 287.61
216.85 225.67
130.09 76.17
195.48 185.66
121.23 216.10
225.52 235.13
209.62 244.11
109.94 307.48
249.16 6.31
228.68 171.24
76.29 301.22
95.10 299.75
140.50 110.33
213.76 198.01
335.50 107.27
205.57 193.24
121.43 282.86
308.83 52.33
277.39 131.63
208.49 204.26
27.62 211.93
268.55 122.84
289.48 113.04
101.49 304.18
209.19 203.31
231.03 216.09
239.37 187.43
179.13 176.70
311.69 99.96
94.65 284.98
306.62 96.99
178.47 159.00
295.92 83.75
116.76 309.98
197.93 236.50
230.22 189.45
199.45 224.60
292.70 113.68
189.41 219.61
103.58 286.13
197.89 183.06
84.03 325.39
175.65 227.27
184.55 226.70
216.49 193.00
315.50 115.07
198.68 193.79
112.86 281.71
242.00 182.56
76.19 299.62
100.46 300.30
200.19 216.92
222.91 195.64
101.58 274.36
84.52 299.87
200.39 170.12
145.71 110.18
176.02 212.54
104.40 282.53
160.91 199.84
174.69 203.95
178.21 197.00
297.38 105.84
176.97 199.53
107.09 290.79
224.96 174.58
154.17 214.48
175.48 199.27
333.21 124.98
191.42 260.79
217.39 209.97
95.65 305.41
107.68 301.99
200.51 197.86
94.49 301.58
110.47 319.45
228.05 195.54
217.20 104.14
118.40 310.88
108.00 295.53
232.80 194.58
21.11 321.77
274.20 93.23
180.53 242.56
103.61 304.30
233.74 218.94
295.76 111.56
275.44 67.72
220.09 191.74
209.31 218.78
215.72 179.17
99.77 298.89
193.24 185.73
333.19 102.50
85.20 303.82
180.86 195.89
201.82 207.69
196.34 204.27
204.28 205.80
325.40 133.70
206.78 194.95
170.73 185.19
173.05 208.56
205.62 198.05
223.90 157.09
211.06 179.72
264.10 99.71
220.76 212.31
100.40 301.48
307.86 127.97
302.52 114.04
313.74 86.18
268.99 80.56
99.33 300.39
217.17 211.29
111.21 290.35
180.32 172.23
105.09 318.04
202.73 208.67
32.18 352.65
112.70 283.57
204.81 178.66
327.08 88.59
94.07 295.85
206.58 215.38
334.19 132.47
108.51 283.15
238.65 175.29
231.05 186.65
105.16 281.92
90.80 291.37
200.22 168.46
201.78 202.22
15.36 381.49
212.89 176.67
98.35 275.31
107.19 302.03
201.29 197.11
181.94 212.67
102.31 290.66
207.55 172.08
207.71 240.54
185.96 234.92
98.17 303.49
207.73 208.71
104.33 303.30
97.03 329.17
244.08 187.14
232.56 198.42
201.92 153.21
95.27 275.23
167.00 191.17
327.71 132.62
181.14 203.61
300.22 258.32
215.02 159.63
327.21 367.18
104.29 309.13
89.97 325.12
200.10 201.52
193.83 206.37
309.96 90.37
191.68 184.96
184.36 154.97
217.55 201.19
102.93 314.17
192.55 168.94
297.75 133.27
217.68 227.25
299.57 97.88
220.23 205.75
223.62 169.84
152.27 211.68
228.92 226.48
167.68 169.98
111.52 273.50
240.37 175.40
203.04 196.04
115.94 275.95
317.76 93.47
357.55 205.49
203.11 236.28
202.31 191.69
97.01 273.57
199.48 220.91
292.22 179.00
187.13 213.20
202.75 207.49
109.29 275.33
211.34 171.52
206.36 192.36
178.43 236.21
118.73 284.26
313.81 111.66
272.43 119.08
171.69 197.25
110.44 277.34
44.11 68.77
242.06 61.08
106.45 297.18
197.58 205.52
299.67 116.31
94.81 305.33
203.79 208.22
17.86 27.86
175.53 218.05
98.83 290.85
213.08 225.36
276.13 78.79
90.00 295.32
102.96 362.79
111.91 297.64
82.82 307.66
169.61 227.84
118.89 151.72
99.89 293.31
113.64 283.89
307.41 105.59
322.93 92.84
113.08 287.23
209.14 225.72
122.41 313.33
289.91 121.82
202.16 207.92
227.53 185.63
178.01 229.36
100.48 311.91
207.01 169.64
199.79 196.82
176.21 237.08
210.68 234.64
210.49 190.75
187.15 166.17
198.76 207.80
193.09 155.61
184.86 161.94
101.20 275.59
298.90 102.57
238.84 206.23
202.82 203.76
232.79 201.67
188.10 198.90
204.12 241.54
191.90 209.74
149.11 317.06
201.59 179.32
228.77 160.13
150.05 198.49
103.03 292.61
318.87 132.01
96.16 294.21
174.84 186.72
196.52 200.18
218.86 193.15
216.13 271.92
194.83 215.55
93.10 320.18
93.29 292.56
100.53 301.37
95.98 318.59
203.72 174.35
86.82 311.57
301.37 96.26
242.71 197.96
223.68 223.56
161.31 227.40
79.38 313.93
198.22 205.88
201.00 198.71
241.55 172.71
81.27 310.02
99.40 317.38
225.30 172.00
302.21 60.78
98.00 295.70
176.38 209.88
100.61 270.21
170.19 168.49
204.45 194.18
161.88 220.17
178.71 216.46
204.48 184.73
352.76 49.82
302.73 109.69
74.10 286.46
325.74 67.27
199.39 158.52
213.43 199.14
211.52 164.32
204.80 248.23
194.00 209.01
84.46 315.19
127.30 293.28
238.63 211.91
128.78 299.30
107.14 319.91
228.95 196.88
214.57 189.10
183.41 198.93
309.91 109.02
315.08 86.28
98.65 304.16
174.77 234.01
328.98 81.87
102.77 304.77
310.64 88.99
219.01 162.34
152.73 191.62
198.42 180.92
339.16 104.93
203.49 188.49
176.48 233.21
319.86 69.64
180.58 160.40
185.52 157.91
93.88 281.65
330.23 62.63
196.95 175.89
314.23 117.40
182.54 238.87
118.74 293.74
317.17 100.10
190.42 185.59
297.53 95.29
230.22 163.50
206.40 214.56
184.85 194.84
17.77 362.02
199.48 201.80
211.54 168.44
206.68 200.35
243.22 179.01
255.18 111.03
200.54 204.43
111.21 299.77
306.91 69.65
205.74 10.22
119.94 278.40
167.24 174.88
200.96 233.76
191.76 174.82
213.37 210.31
105.42 280.77
98.84 285.81
243.09 220.82
206.78 202.61
266.22 88.67
217.67 212.61
178.69 156.71
300.33 100.18
200.29 191.29
113.37 298.92
113.70 310.50
108.68 294.82
237.65 190.64
235.65 180.37
299.47 146.57
99.32 298.55
172.47 172.82
162.54 198.25
106.95 306.59
95.26 308.74
211.14 204.96
216.98 182.80
189.06 224.65
108.51 287.38
200.78 194.60
183.20 208.44
220.81 167.21
168.68 222.59
187.96 231.18
319.67 100.92
229.86 362.78
309.54 62.09
165.67 230.69
326.10 114.73
287.49 68.33
201.45 161.20
89.53 281.73
104.07 296.80
222.07 194.62
188.68 204.20
271.17 86.44
170.17 176.74
200.06 196.73
322.72 85.52
200.18 201.24
59.51 274.55
205.10 204.64
192.80 185.91
208.20 211.63
244.39 206.02
210.14 220.10
159.27 209.63
197.92 197.87
172.63 395.55
194.25 197.89
291.48 274.71
100.88 300.36
205.09 204.76
295.58 108.14
208.49 228.24
186.78 192.19
101.28 296.73
270.27 110.84
185.57 193.68
259.25 78.52
164.51 177.37
200.92 215.62
77.67 313.48
231.23 205.16
181.88 186.61
53.64 394.86
110.43 302.03
346.33 240.77
112.80 323.54
115.42 308.07
201.17 199.59
214.68 207.71
226.84 213.66
340.89 21.09
210.05 202.41
294.56 98.61
310.96 64.25
293.52 77.77
329.04 71.66
303.50 135.47
98.92 299.02
209.04 229.83
81.10 106.61
100.35 300.98
201.25 200.09
187.22 189.23
208.57 166.82
102.28 299.82
100.44 329.12
282.75 115.47
244.71 46.31
216.77 223.01
117.31 315.26
198.03 193.66
119.81 301.13
198.61 244.79
199.25 199.45
99.96 300.44
96.39 294.94
208.69 185.20
108.57 280.57
200.65 191.64
291.04 117.27
87.52 295.73
198.09 151.91
99.96 299.63
212.90 208.49
99.81 299.91
196.48 203.59
164.07 171.10
216.69 204.95
115.33 313.14
278.91 107.39
225.04 196.20
207.30 190.64
182.99 156.54
99.54 300.08
78.67 391.07
92.55 305.78
181.38 194.21
204.01 184.82
99.07 299.68
56.97 263.50
106.36 316.00
296.93 105.52
101.03 312.93
88.46 290.40
357.66 298.91
301.71 110.21
253.93 107.69
334.08 64.60
92.25 303.27
205.64 182.63
219.96 208.51
199.89 201.20
322.24 122.98
88.56 305.52
98.63 298.34
84.43 289.35
