-400.00 329.79
-399.26 307.35
-397.07 315.37
-394.19 266.19
-391.41 309.86
-387.82 270.79
-384.53 322.66
-383.66 259.96
-382.12 295.97
-379.82 309.18
-378.64 313.61
-377.10 254.51
-373.36 273.85
-371.10 300.15
-369.22 302.88
-366.15 254.38
-364.57 299.25
-363.43 293.08
-359.88 313.42
-358.08 247.43
-355.38 304.86
-352.79 242.64
-352.52 292.39
-349.83 304.64
-348.71 289.65
-345.01 243.50
-343.45 263.68
-340.17 258.55
-339.78 252.63
-336.81 241.06
-332.99 270.75
-332.05 296.09
-328.40 256.06
-327.15 234.59
-324.07 228.13
-322.44 271.83
-319.71 285.09
-319.37 273.62
-315.83 252.44
-313.89 273.40
-311.08 234.16
-309.39 284.21
-308.51 246.44
-307.41 261.45
-306.75 250.43
-302.79 222.18
-301.72 240.25
-301.43 226.09
-298.27 229.60
-294.46 244.02
-290.78 222.33
-286.80 272.18
-284.69 215.55
-283.97 252.89
-283.72 249.62
-280.84 229.91
-278.90 258.52
-278.81 234.40
-275.92 270.56
-272.92 208.92
-270.63 206.35
-268.87 240.00
-265.35 235.64
-262.88 256.77
-260.63 202.69
-258.87 204.76
-257.81 250.36
-255.12 220.17
-253.05 259.81
-252.34 197.44
-249.43 212.38
-248.15 243.88
-244.91 237.29
-244.33 190.06
-244.31 247.06
-240.65 250.03
-240.01 239.30
-238.73 250.88
-234.89 198.22
-232.38 236.79
-230.69 228.84
-229.88 224.16
-227.19 235.58
-223.24 185.47
-222.90 191.04
-222.61 215.01
-219.09 230.89
-215.22 203.08
-212.59 220.95
-208.79 196.64
-206.06 205.42
-202.94 205.60
-201.22 229.14
-201.00 176.66
-198.86 203.92
-195.88 173.31
-194.64 163.72
-191.63 229.89
-187.96 182.97
-184.40 211.47
-181.67 221.21
-180.49 210.50
-179.77 194.12
-178.98 195.95
-176.99 160.31
-173.60 183.11
-171.62 190.67
-169.14 199.28
-168.92 157.90
-166.60 165.95
-162.95 179.92
-161.99 196.95
-161.15 168.56
-157.78 191.81
-154.14 196.82
-153.03 147.56
-149.47 192.35
-146.73 196.06
-142.78 182.05
-139.68 146.76
-138.80 155.08
-137.70 199.71
-137.12 149.66
-136.49 157.05
-133.97 137.05
-130.22 134.98
-128.93 168.45
-128.87 151.25
-125.96 137.80
-122.57 169.50
-121.90 195.48
-118.69 164.01
-115.42 131.87
-112.66 142.76
-110.09 136.98
-108.92 169.47
-107.53 154.44
-104.65 187.27
-103.09 140.36
-99.15 183.50
-96.45 144.94
-96.05 128.09
-92.66 127.63
-89.34 128.78
-85.73 148.71
-84.00 133.35
-81.88 161.27
-78.19 133.51
-75.33 106.05
-72.01 107.81
-71.99 127.94
-71.81 146.07
-69.95 147.83
-66.03 102.07
-64.41 124.28
-63.43 118.53
-59.83 112.28
-59.60 113.71
-57.31 107.38
-54.14 123.80
-53.02 159.19
-51.33 145.29
-50.71 137.41
-49.94 141.20
-46.48 149.54
-44.87 95.42
-43.91 92.16
-43.35 139.54
-39.70 133.71
-36.92 84.33
-35.43 144.00
-33.22 146.82
-30.44 97.70
-29.82 98.06
-29.82 84.49
-29.42 99.58
-28.48 121.63
-24.64 123.00
-21.79 132.11
-18.46 137.36
-15.60 109.02
-13.84 101.25
-10.43 107.64
-6.98 135.49
-4.08 124.49
-3.61 110.34
-2.27 131.78
-1.56 97.71
2.01 121.49
4.69 88.34
7.54 82.74
7.65 72.20
9.75 122.84
13.35 117.89
16.88 73.71
18.95 78.70
19.92 110.92
23.60 92.38
27.51 104.87
28.69 70.27
32.03 77.52
32.50 60.10
33.64 61.22
35.51 103.83
38.65 109.30
41.21 107.60
42.32 72.14
43.02 47.10
43.45 88.10
45.30 80.51
45.57 72.93
47.32 66.18
49.69 47.24
50.59 51.04
54.22 61.55
54.90 45.76
56.94 96.20
58.84 58.59
60.95 92.10
63.03 88.25
64.43 54.08
68.28 67.12
69.95 49.19
73.72 56.07
74.63 71.36
75.05 79.63
76.54 92.19
78.89 55.51
82.77 41.48
86.13 75.71
89.70 50.52
93.66 68.70
93.81 73.17
95.35 44.67
96.42 86.25
96.93 76.20
100.06 26.01
102.90 60.45
104.54 78.39
105.66 26.92
108.50 41.38
111.32 14.92
114.58 34.08
115.92 46.17
118.91 52.62
120.20 70.02
120.86 14.63
122.45 70.67
125.17 39.56
126.10 43.52
127.95 28.53
131.65 15.44
132.61 50.52
135.50 21.01
138.56 26.64
141.25 25.75
143.43 32.14
147.09 49.20
150.37 40.89
151.18 59.09
154.63 39.24
156.65 25.11
157.56 -13.12
160.70 4.62
164.12 38.41
166.57 38.67
170.27 -11.09
173.65 -8.77
177.01 8.52
178.78 45.30
179.24 -23.10
180.76 19.75
183.55 19.23
186.90 -15.72
190.58 23.19
194.36 -21.18
196.10 -2.26
199.93 -2.33
201.48 21.51
202.09 -34.02
204.45 6.11
206.87 -6.29
209.52 17.62
212.64 -0.20
216.36 -35.41
220.31 11.69
221.89 -9.11
225.60 6.69
226.29 -33.64
229.92 6.42
232.92 3.57
236.22 4.44
238.86 -35.42
241.59 -34.53
243.83 -11.73
244.74 2.44
245.56 -16.02
246.72 -14.54
248.65 7.46
250.67 -9.48
253.00 -32.71
254.98 -53.19
255.94 -57.15
259.31 -37.14
260.68 -46.00
260.85 -24.63
261.86 -22.53
262.59 -27.05
266.28 -43.29
266.66 -29.39
267.75 -58.28
271.11 -33.77
272.13 -50.08
274.19 -37.13
277.56 -38.90
281.05 -49.36
282.44 -24.32
285.23 -64.48
287.87 -77.61
290.44 -12.23
292.45 -37.96
292.58 -35.02
293.26 -22.93
294.16 -52.74
294.93 -24.00
295.77 -17.73
299.69 -76.32
301.75 -22.95
304.69 -17.83
308.40 -88.62
312.17 -38.43
313.03 -85.46
314.08 -80.23
317.13 -89.46
320.87 -93.44
321.21 -56.65
323.98 -27.37
324.76 -46.54
327.76 -81.75
328.12 -39.15
330.70 -64.12
331.12 -34.93
333.49 -83.22
334.88 -90.40
336.90 -62.88
337.84 -52.98
338.15 -72.20
338.32 -50.28
338.76 -54.85
340.22 -42.46
343.38 -65.18
345.96 -64.30
349.04 -56.94
350.07 -72.85
353.01 -69.25
353.56 -47.03
355.72 -60.07
358.30 -62.93
359.28 -97.00
359.80 -88.33
363.76 -60.69
366.68 -116.03
367.62 -108.77
371.46 -86.76
375.13 -64.26
375.24 -96.03
378.44 -78.75
379.44 -110.42
382.34 -81.28
384.40 -80.01
386.69 -84.71
388.73 -79.59
390.17 -89.29
391.82 -116.66
393.27 -130.56
396.03 -123.19
396.53 -84.59
396.76 -98.22
