-400.00 72.56
-399.39 104.15
-397.07 66.86
-393.69 79.87
-389.71 129.27
-387.34 102.84
-383.52 123.15
-383.43 105.90
-381.93 94.37
-381.37 122.05
-378.33 134.19
-377.19 96.15
-373.68 90.57
-370.53 121.56
-368.53 109.49
-365.29 91.80
-364.46 70.49
-362.39 95.83
-359.08 92.89
-356.21 108.13
-352.39 99.08
-348.47 129.83
-344.64 100.08
-342.19 126.89
-342.03 65.33
-338.10 93.47
-337.24 84.54
-335.46 74.52
-333.72 113.15
-331.71 111.43
-328.30 75.24
-324.61 126.95
-321.30 88.81
-320.53 92.28
-319.36 87.35
-318.78 88.63
-318.29 99.49
-316.07 118.87
-314.45 124.41
-313.62 111.50
-309.99 95.58
-308.85 89.03
-306.73 118.05
-303.01 66.58
-301.81 116.21
-300.01 93.19
-298.86 88.74
-294.88 78.75
-291.66 125.57
-289.78 93.30
-287.86 128.83
-287.54 132.60
-287.19 134.63
-286.59 74.51
-284.58 106.15
-281.09 104.86
-277.96 130.80
-277.39 108.99
-276.70 124.47
-272.93 126.18
-269.76 125.01
-267.30 68.38
-263.82 134.21
-260.11 72.85
-257.61 83.80
-257.37 69.19
-256.01 114.55
-253.96 86.31
-250.90 91.11
-249.19 92.80
-246.61 95.46
-246.25 115.90
-245.62 122.09
-245.29 109.18
-245.21 75.71
-244.45 67.72
-243.59 88.67
-242.59 91.07
-239.74 120.42
-236.00 130.20
-235.95 134.34
-232.17 92.79
-232.16 99.19
-231.26 94.04
-229.14 122.74
-226.91 95.31
-223.11 83.33
-221.65 72.27
-221.15 82.65
-218.80 106.88
-216.10 128.35
-214.87 73.03
-212.51 98.82
-211.76 115.72
-211.23 75.22
-208.15 95.79
-206.24 116.33
-204.10 69.16
-201.32 91.33
-197.85 128.74
-195.62 72.94
-194.92 70.67
-194.81 99.92
-194.56 72.87
-192.28 92.00
-188.94 94.21
-188.73 113.86
-186.64 125.68
-184.02 65.57
-182.40 72.39
-182.25 77.45
-181.50 74.87
-180.98 75.08
-180.85 112.71
-176.91 77.20
-176.04 100.03
-174.24 104.41
-172.02 123.55
-168.03 120.19
-165.96 97.71
-163.65 107.61
-160.80 109.03
-159.87 96.13
-157.68 92.78
-157.30 111.07
-153.92 99.50
-151.63 66.52
-148.88 116.61
-146.03 117.51
-145.75 101.86
-144.88 132.12
-141.98 119.86
-141.58 86.52
-141.29 121.22
-138.23 127.19
-136.75 85.41
-136.21 74.07
-135.97 113.32
-133.92 106.59
-130.86 104.33
-130.71 70.57
-128.78 94.13
-128.66 89.28
-126.83 125.30
-123.13 75.03
-120.82 91.12
-119.87 129.31
-118.68 85.49
-115.47 120.05
-111.93 127.52
-109.80 122.77
-109.09 98.14
-108.94 119.78
-108.18 99.08
-105.13 106.87
-102.66 110.04
-99.51 130.96
-96.95 119.78
-93.05 74.65
-90.53 69.13
-86.71 94.07
-82.98 110.81
-81.65 96.30
-80.30 120.18
-77.83 99.50
-74.33 84.39
-72.01 85.81
-70.98 84.10
-70.71 71.09
-68.16 71.71
-64.18 108.83
-63.04 83.69
-59.76 86.83
-57.54 131.59
-54.92 115.42
-51.98 66.27
-50.81 123.87
-49.52 124.13
-47.71 98.71
-47.62 121.14
-43.62 132.89
-40.27 70.88
-39.14 87.97
-35.99 77.41
-34.26 104.01
-33.67 120.87
-32.81 102.21
-30.49 104.88
-30.42 83.95
-29.59 69.14
-27.05 67.89
-25.34 68.63
-22.22 121.94
-20.69 71.82
-18.02 71.67
-14.63 95.20
-12.10 69.06
-8.33 89.65
-6.83 76.89
-6.25 65.59
-4.51 83.34
-0.66 88.93
1.26 69.74
1.77 108.40
2.41 120.40
3.88 106.71
6.67 78.76
8.56 123.14
12.18 67.05
12.47 74.33
15.95 88.66
17.59 91.86
19.89 92.45
21.50 81.05
23.40 96.96
25.51 84.56
27.08 109.36
28.27 96.81
29.28 89.73
32.33 71.10
34.97 125.07
38.70 81.04
42.68 79.67
46.48 90.29
47.94 129.57
51.17 91.42
54.10 87.86
55.91 83.87
58.29 75.42
60.03 94.54
63.47 107.56
66.57 121.03
69.89 102.02
70.33 107.40
74.22 106.22
75.00 76.16
77.26 123.73
79.16 126.59
80.90 69.14
83.85 80.46
87.33 89.40
90.69 89.31
94.37 106.03
94.88 75.27
98.15 67.99
99.90 127.77
101.81 98.73
103.77 102.44
107.34 102.55
107.77 66.41
111.35 66.49
115.01 114.88
118.11 72.50
118.46 68.32
119.78 132.06
120.75 67.58
121.42 101.43
124.97 85.30
127.16 109.81
129.40 87.01
131.64 105.21
133.40 123.05
134.34 84.45
135.80 114.47
135.92 102.69
139.86 130.79
140.55 76.29
142.03 116.11
144.25 129.01
145.92 91.92
147.08 126.67
148.52 80.29
150.07 78.42
150.13 69.96
153.67 124.65
156.14 90.01
157.95 101.88
161.16 121.40
163.11 113.37
166.34 75.95
170.01 101.36
173.84 74.61
174.56 82.36
176.00 133.00
177.04 100.86
177.08 101.60
178.58 89.10
181.41 130.72
183.61 71.44
186.65 86.74
187.93 101.13
191.71 95.75
195.00 114.93
195.58 84.06
198.93 87.05
201.99 131.35
204.55 108.76
206.49 112.47
206.95 132.57
209.76 127.36
211.05 101.71
214.50 75.37
216.44 95.27
216.81 90.66
218.44 107.79
220.50 119.07
222.73 78.84
223.81 124.31
224.92 133.12
227.09 81.47
227.68 85.64
231.03 80.66
231.48 98.12
232.68 130.33
235.94 93.53
236.53 121.45
238.56 104.79
239.53 87.75
239.55 70.39
240.52 75.19
242.37 116.40
243.00 135.06
243.36 87.66
246.98 119.97
249.38 94.41
253.28 79.82
256.49 81.21
258.98 86.92
262.02 114.82
264.60 123.98
267.98 85.70
270.15 87.36
271.66 73.96
274.73 70.10
277.54 106.02
280.62 74.02
281.78 80.80
285.52 79.64
289.10 66.77
291.38 94.33
294.71 130.74
294.79 95.06
295.74 88.37
296.96 71.14
298.72 123.12
301.91 94.85
305.27 95.96
306.18 133.79
306.41 112.28
309.20 78.31
312.70 94.43
314.33 90.06
314.65 69.45
316.98 94.11
318.57 80.81
320.19 76.78
322.86 130.25
325.98 84.36
328.81 122.58
330.90 104.70
333.43 80.22
336.64 103.44
336.91 97.77
339.76 80.39
340.60 68.01
342.73 88.13
345.69 80.67
347.55 85.69
349.33 73.77
352.20 123.38
354.90 133.93
355.95 82.67
356.15 87.21
356.50 135.22
357.72 105.84
359.54 119.39
362.92 98.03
364.92 130.22
366.03 118.74
368.37 99.58
369.44 68.18
372.67 87.91
373.01 72.02
375.30 86.46
377.19 73.45
378.99 100.55
382.68 71.00
383.69 98.85
383.81 119.19
387.61 111.90
388.57 69.98
389.23 124.82
390.48 132.32
393.50 93.98
396.64 115.76
399.29 115.91
