-400.00 -264.84
-397.49 -260.71
-395.20 -252.99
-393.79 -279.26
-389.96 -265.33
-386.52 -267.09
-384.67 -269.49
-383.98 -268.50
-381.13 -279.82
-379.16 -236.06
-375.77 -239.95
-372.33 -225.40
-368.59 -237.39
-368.42 -248.89
-367.27 -268.29
-366.66 -244.33
-362.67 -257.94
-361.88 -248.89
-360.90 -241.90
-359.63 -235.26
-359.59 -241.30
-356.41 -255.76
-353.61 -233.69
-349.71 -208.56
-347.20 -216.92
-346.56 -239.35
-342.72 -215.42
-342.15 -218.64
-339.63 -208.20
-337.42 -236.04
-333.91 -227.32
-332.60 -218.31
-329.82 -219.41
-327.04 -222.93
-326.81 -224.11
-323.65 -201.45
-319.66 -207.12
-317.29 -228.32
-313.91 -204.14
-312.80 -209.58
-310.49 -214.03
-310.11 -212.30
-309.66 -200.38
-306.11 -207.94
-303.71 -214.20
-303.70 -185.50
-303.27 -201.04
-299.85 -184.92
-296.02 -203.95
-293.65 -163.17
-289.89 -164.04
-288.26 -158.44
-284.89 -185.03
-281.52 -187.95
-279.54 -172.79
-275.63 -146.82
-274.79 -154.34
-271.46 -174.21
-268.48 -186.34
-266.72 -145.55
-265.49 -144.26
-261.51 -135.37
-258.23 -155.03
-257.58 -177.40
-254.94 -136.33
-253.96 -157.22
-252.62 -136.55
-252.61 -174.04
-251.95 -128.63
-251.18 -171.56
-248.19 -152.31
-245.88 -164.05
-244.89 -135.61
-241.41 -152.00
-238.15 -115.90
-236.44 -135.78
-235.70 -116.75
-232.61 -134.90
-230.92 -137.41
-227.36 -134.36
-227.16 -141.40
-226.69 -122.40
-225.56 -147.73
-222.27 -141.41
-218.66 -117.89
-216.32 -114.71
-214.85 -127.55
-213.00 -106.89
-212.29 -110.22
-208.35 -93.25
-208.23 -100.09
-207.87 -135.26
-206.31 -133.11
-203.86 -104.75
-203.32 -133.59
-202.08 -96.89
-199.78 -91.05
-198.96 -91.20
-195.93 -115.91
-195.88 -86.32
-195.19 -85.15
-192.05 -85.18
-191.31 -99.22
-189.54 -95.75
-188.85 -101.09
-185.55 -79.72
-184.42 -104.65
-180.80 -86.33
-177.69 -110.40
-175.84 -73.46
-173.67 -91.28
-169.77 -61.20
-166.04 -68.66
-163.05 -60.25
-162.02 -92.92
-160.67 -68.96
-159.08 -83.90
-158.55 -76.33
-155.67 -59.05
-153.44 -56.95
-152.33 -84.62
-149.53 -91.30
-147.98 -55.12
-146.30 -53.39
-145.59 -69.36
-142.38 -46.13
-140.97 -67.35
-138.35 -69.45
-136.86 -48.60
-136.23 -63.09
-133.65 -45.68
-133.01 -59.29
-130.34 -40.88
-128.13 -39.57
-127.64 -53.14
-127.26 -50.89
-123.92 -66.78
-121.19 -71.64
-121.12 -64.00
-119.62 -35.96
-116.22 -32.26
-112.98 -45.06
-111.29 -29.76
-109.34 -47.27
-108.32 -27.97
-107.37 -22.02
-106.49 -54.30
-103.77 -23.82
-102.34 -30.54
-99.11 -13.87
-97.98 -16.06
-94.39 -7.28
-93.71 -24.92
-90.07 -5.78
-86.30 -28.74
-86.14 0.43
-85.12 -29.47
-82.24 4.68
-82.09 -29.34
-80.49 -1.94
-77.07 -34.21
-74.65 -10.16
-74.34 -28.17
-72.77 -21.00
-72.76 -16.87
-72.71 6.91
-71.67 16.52
-68.09 -20.22
-66.00 16.87
-65.34 13.26
-63.47 6.56
-60.17 15.49
-60.06 21.38
-58.20 4.95
-56.45 17.04
-53.36 -11.94
-51.71 33.07
-50.05 25.40
-47.38 35.80
-44.06 -2.90
-42.40 -7.10
-40.83 -7.58
-37.18 16.86
-33.61 20.83
-32.73 32.64
-29.96 8.07
-29.28 28.35
-28.78 39.98
-27.83 43.56
-25.56 28.82
-23.26 32.97
-21.84 11.16
-20.03 57.97
-18.94 38.98
-16.27 50.64
-14.13 51.27
-14.00 57.11
-12.80 25.55
-9.57 27.55
-7.10 69.15
-6.63 53.88
-5.54 64.03
-2.23 60.55
-0.49 50.08
3.00 31.13
4.04 57.78
4.71 55.21
6.39 46.97
7.71 66.00
9.55 51.54
9.68 40.13
10.82 40.99
13.14 74.30
14.94 60.37
16.40 58.50
16.42 60.04
17.51 49.12
19.67 48.86
22.32 54.05
25.09 67.47
27.42 95.87
30.95 52.75
34.73 84.48
35.51 90.79
35.67 58.22
37.11 96.33
38.54 61.41
40.85 97.22
44.39 67.11
46.21 108.11
47.26 93.63
50.22 110.82
53.72 77.58
55.97 108.94
59.13 76.38
62.65 102.01
65.33 123.43
67.36 106.39
68.11 92.90
70.20 110.95
71.25 119.64
71.96 95.99
73.76 93.64
75.15 105.31
75.30 116.00
77.57 89.86
77.89 114.93
78.07 113.21
79.80 126.58
82.41 132.26
86.11 136.70
89.65 111.34
91.04 118.54
94.30 123.55
96.30 111.50
99.37 114.77
102.13 130.52
105.54 136.95
106.26 150.54
110.09 118.52
113.03 134.28
115.82 121.61
116.61 119.46
119.50 120.85
120.29 163.96
122.06 157.93
123.49 124.13
125.85 127.83
126.68 143.89
127.72 151.53
131.05 157.48
135.00 171.06
137.24 141.41
138.38 145.59
140.60 182.58
142.24 180.03
145.88 164.10
148.54 174.46
152.37 152.57
154.13 186.40
157.53 165.39
158.37 170.99
158.95 185.46
159.94 175.69
163.89 184.02
165.53 177.65
168.56 171.30
169.97 180.36
171.86 199.94
174.95 202.17
175.18 204.94
178.53 213.10
180.93 189.41
183.77 202.38
183.95 203.10
185.08 222.47
186.79 219.43
188.54 219.41
190.93 209.81
191.15 192.65
193.35 208.15
195.80 188.16
199.77 203.03
202.97 211.33
204.75 231.82
207.55 208.46
208.54 208.85
209.44 194.24
209.66 203.83
210.70 219.46
211.29 230.96
213.38 203.90
215.40 200.37
218.00 246.45
221.90 235.81
221.99 224.92
222.52 235.91
226.00 206.52
226.70 216.07
230.53 223.29
231.42 215.09
233.38 244.40
235.67 227.48
237.23 232.88
237.70 242.28
241.38 254.46
244.83 221.45
247.55 260.59
250.05 244.04
251.95 233.09
253.75 272.93
254.06 237.18
257.38 236.88
261.28 253.45
264.83 242.27
266.05 272.96
269.30 242.62
272.53 288.02
274.46 288.32
275.27 290.38
278.61 296.41
281.63 261.07
284.94 278.26
288.14 262.85
292.06 292.49
295.92 310.34
297.21 296.64
298.85 297.10
300.29 305.46
303.79 286.26
307.52 319.15
309.88 294.43
311.18 289.48
315.13 291.18
318.12 318.97
318.41 288.46
319.72 320.11
322.83 307.63
323.37 296.59
323.37 328.12
324.74 294.91
325.44 309.19
327.37 312.78
327.69 323.54
327.79 332.25
329.17 332.42
332.57 323.28
334.55 303.80
338.52 340.92
341.53 326.21
341.74 308.69
344.44 304.86
348.05 345.61
350.94 342.85
354.85 356.77
355.87 315.06
356.85 315.81
360.73 357.12
361.22 332.21
364.69 361.83
368.64 368.06
371.95 322.81
374.77 369.03
376.97 351.93
378.98 368.03
379.54 374.75
382.89 341.64
386.56 338.51
388.32 371.74
388.49 350.62
390.66 382.11
392.41 350.53
394.06 348.26
394.52 369.65
397.29 347.55
398.79 376.68
